1 0.669921875 0.98046875 0.0517578125 0.0390625
1 0.716796875 0.1015625 0.060546875 0.056640625
0 0.48974609375 0.1123046875 0.23046875 0.2060546875
1 0.19921875 0.177734375 0.05859375 0.052734375
2 0.30224609375 0.18017578125 0.1337890625 0.2578125
1 0.77099609375 0.26806640625 0.04296875 0.0439453125
1 0.84619140625 0.34130859375 0.0927734375 0.1064453125
1 0.9453125 0.35888671875 0.064453125 0.068359375
0 0.47265625 0.388671875 0.1650390625 0.171875
0 0.26171875 0.39306640625 0.2080078125 0.14453125
1 0.869140625 0.42919921875 0.037109375 0.037109375
1 0.7021484375 0.43896484375 0.1220703125 0.095703125
2 0.07421875 0.49755859375 0.1484375 0.2978515625
1 0.8212890625 0.50634765625 0.0390625 0.0361328125
1 0.31884765625 0.52099609375 0.056640625 0.0576171875
1 0.54296875 0.55078125 0.0869140625 0.0849609375
1 0.93359375 0.57568359375 0.083984375 0.060546875
1 0.62744140625 0.5947265625 0.048828125 0.0400390625
1 0.7958984375 0.62451171875 0.04296875 0.041015625
2 0.28369140625 0.640625 0.2490234375 0.1708984375
1 0.88916015625 0.6669921875 0.1162109375 0.1025390625
1 0.5048828125 0.6669921875 0.04296875 0.048828125
1 0.69873046875 0.69287109375 0.072265625 0.0419921875
1 0.5478515625 0.74853515625 0.0419921875 0.029296875
1 0.76611328125 0.7646484375 0.03125 0.0263671875
1 0.9560546875 0.76513671875 0.0849609375 0.0712890625
1 0.81591796875 0.8447265625 0.0693359375 0.0556640625
1 0.4140625 0.87890625 0.1005859375 0.0966796875
2 0.17431640625 0.8896484375 0.3486328125 0.220703125
1 0.71240234375 0.904296875 0.0576171875 0.05859375
1 0.90771484375 0.935546875 0.072265625 0.0908203125
1 0.56298828125 0.97265625 0.0458984375 0.046875