1 0.88134765625 0.1474609375 0.07421875 0.0673828125
1 0.96044921875 0.265625 0.072265625 0.16796875
0 0.46728515625 0.32470703125 0.2578125 0.2509765625
0 0.1826171875 0.3330078125 0.2685546875 0.2197265625
1 0.05322265625 0.03515625 0.1064453125 0.0673828125
1 0.77783203125 0.39404296875 0.18359375 0.162109375
1 0.9404296875 0.49609375 0.0615234375 0.0615234375
2 0.875 0.05224609375 0.25 0.095703125
1 0.23681640625 0.5185546875 0.11328125 0.11328125
1 0.5595703125 0.5595703125 0.126953125 0.1259765625
0 0.40087890625 0.56494140625 0.16015625 0.171875
2 0.0859375 0.6162109375 0.1708984375 0.3251953125
1 0.68994140625 0.62060546875 0.1005859375 0.1005859375
0 0.56640625 0.0654296875 0.345703125 0.1259765625
1 0.92822265625 0.67041015625 0.1435546875 0.11328125
1 0.4951171875 0.70947265625 0.08984375 0.09765625
1 0.76904296875 0.75537109375 0.1142578125 0.068359375
2 0.3134765625 0.7705078125 0.25390625 0.2099609375
1 0.5556640625 0.8271484375 0.046875 0.0400390625
0 0.0849609375 0.83154296875 0.169921875 0.1005859375
1 0.84912109375 0.84375 0.060546875 0.0576171875
2 0.2490234375 0.09326171875 0.2509765625 0.1865234375
0 0.56640625 0.94775390625 0.2734375 0.1044921875
2 0.1337890625 0.94873046875 0.2666015625 0.1025390625
1 0.92333984375 0.951171875 0.1025390625 0.0966796875
1 0.34716796875 0.9697265625 0.0986328125 0.060546875