1 0.71142578125 0.1044921875 0.0703125 0.0595703125
0 0.4853515625 0.11572265625 0.2001953125 0.20703125
1 0.1982421875 0.17919921875 0.0625 0.060546875
2 0.3125 0.18505859375 0.111328125 0.146484375
2 0.9130859375 0.20556640625 0.173828125 0.1171875
0 0.0439453125 0.2255859375 0.0869140625 0.1337890625
0 0.763671875 0.02587890625 0.1591796875 0.0517578125
1 0.76904296875 0.27001953125 0.048828125 0.05078125
1 0.88720703125 0.341796875 0.171875 0.12109375
0 0.0947265625 0.03564453125 0.1845703125 0.06640625
0 0.22900390625 0.373046875 0.26953125 0.1923828125
0 0.47607421875 0.390625 0.162109375 0.17578125
1 0.70458984375 0.42919921875 0.142578125 0.126953125
1 0.82080078125 0.5078125 0.03515625 0.03515625
1 0.3193359375 0.5224609375 0.06640625 0.0712890625
2 0.13916015625 0.55224609375 0.2646484375 0.146484375
1 0.54443359375 0.5537109375 0.0947265625 0.083984375
1 0.96923828125 0.05615234375 0.0419921875 0.041015625
0 0.42431640625 0.56201171875 0.11328125 0.126953125
1 0.63916015625 0.578125 0.0703125 0.076171875
1 0.87841796875 0.62939453125 0.2080078125 0.1796875
1 0.50048828125 0.669921875 0.05078125 0.0615234375
1 0.69189453125 0.693359375 0.07421875 0.0458984375
0 0.1650390625 0.71337890625 0.2001953125 0.15625
2 0.37646484375 0.71533203125 0.1806640625 0.1328125
1 0.630859375 0.74951171875 0.0341796875 0.037109375
1 0.54345703125 0.75 0.04296875 0.0380859375
1 0.76611328125 0.76513671875 0.0390625 0.0458984375
1 0.95068359375 0.7705078125 0.0986328125 0.0751953125
1 0.814453125 0.8447265625 0.0576171875 0.0673828125
1 0.4140625 0.88037109375 0.095703125 0.099609375
1 0.712890625 0.90234375 0.0576171875 0.0615234375
2 0.17626953125 0.9033203125 0.3525390625 0.193359375
1 0.90869140625 0.9384765625 0.0625 0.0908203125
1 0.55908203125 0.96875 0.07421875 0.0576171875
1 0.66552734375 0.9755859375 0.0400390625 0.048828125