0 0.49169921875 0.28271484375 0.361328125 0.361328125
2 0.7705078125 0.283203125 0.150390625 0.3388671875
0 0.1396484375 0.31982421875 0.27734375 0.275390625
1 0.9267578125 0.4306640625 0.146484375 0.125
2 0.65185546875 0.04638671875 0.6962890625 0.0927734375
1 0.16748046875 0.56103515625 0.1064453125 0.10546875
1 0.80322265625 0.60400390625 0.0419921875 0.037109375
1 0.6435546875 0.64013671875 0.185546875 0.181640625
1 0.90576171875 0.64697265625 0.0771484375 0.0673828125
1 0.8369140625 0.7490234375 0.12109375 0.087890625
2 0.14990234375 0.8125 0.2939453125 0.375
1 0.908203125 0.8310546875 0.056640625 0.0458984375
2 0.14453125 0.0859375 0.2890625 0.171875
1 0.97119140625 0.87255859375 0.0419921875 0.0439453125
2 0.4033203125 0.88427734375 0.1806640625 0.2314453125
1 0.5556640625 0.90576171875 0.0927734375 0.115234375
2 0.73193359375 0.90966796875 0.2392578125 0.1806640625
1 0.95458984375 0.97314453125 0.0908203125 0.0537109375