0 0.52294921875 0.1259765625 0.2724609375 0.251953125
1 0.19580078125 0.17724609375 0.0537109375 0.056640625
2 0.83837890625 0.19287109375 0.3232421875 0.087890625
0 0.04541015625 0.2138671875 0.0908203125 0.095703125
1 0.82470703125 0.3212890625 0.1435546875 0.14453125
1 0.9443359375 0.3603515625 0.0556640625 0.076171875
0 0.2080078125 0.37353515625 0.302734375 0.1904296875
0 0.47314453125 0.390625 0.1630859375 0.166015625
1 0.70263671875 0.44677734375 0.1240234375 0.078125
0 0.15673828125 0.0478515625 0.3134765625 0.095703125
1 0.3203125 0.521484375 0.0634765625 0.056640625
1 0.54638671875 0.55322265625 0.080078125 0.076171875
2 0.140625 0.5615234375 0.28125 0.15625
1 0.93310546875 0.58349609375 0.0966796875 0.0732421875
0 0.4375 0.5908203125 0.107421875 0.048828125
1 0.63037109375 0.595703125 0.04296875 0.0390625
1 0.80029296875 0.6240234375 0.041015625 0.046875
1 0.5048828125 0.66796875 0.05078125 0.056640625
1 0.88818359375 0.6826171875 0.1142578125 0.1005859375
0 0.90087890625 0.068359375 0.1982421875 0.13671875
1 0.69384765625 0.69580078125 0.0771484375 0.0439453125
2 0.38037109375 0.71044921875 0.1728515625 0.166015625
0 0.15673828125 0.72412109375 0.21484375 0.1396484375
1 0.544921875 0.74951171875 0.029296875 0.0390625
1 0.955078125 0.771484375 0.072265625 0.068359375
1 0.822265625 0.84716796875 0.0556640625 0.048828125
1 0.41552734375 0.888671875 0.09765625 0.09765625
2 0.17724609375 0.90283203125 0.3544921875 0.1943359375
1 0.71728515625 0.90576171875 0.05078125 0.048828125
1 0.724609375 0.09423828125 0.05078125 0.056640625
1 0.91015625 0.9375 0.0654296875 0.0927734375
1 0.5634765625 0.97607421875 0.05078125 0.0478515625