1 0.759765625 0.14306640625 0.0576171875 0.056640625
0 0.525390625 0.18212890625 0.3115234375 0.2373046875
1 0.14111328125 0.21875 0.060546875 0.0615234375
2 0.27294921875 0.2197265625 0.16796875 0.205078125
2 0.84716796875 0.2333984375 0.3056640625 0.0908203125
1 0.85009765625 0.3212890625 0.052734375 0.0517578125
1 0.95556640625 0.40185546875 0.0888671875 0.14453125
0 0.115234375 0.04296875 0.23046875 0.0859375
0 0.1591796875 0.453125 0.318359375 0.2373046875
0 0.46826171875 0.4677734375 0.216796875 0.2177734375
1 0.7939453125 0.5263671875 0.1748046875 0.1298828125
1 0.23974609375 0.64697265625 0.0830078125 0.078125
1 0.5693359375 0.7021484375 0.1123046875 0.125
1 0.70361328125 0.7666015625 0.0673828125 0.0732421875
2 0.09326171875 0.79296875 0.1865234375 0.4140625
1 0.515625 0.90087890625 0.078125 0.107421875
2 0.33251953125 0.90283203125 0.263671875 0.1943359375
1 0.82958984375 0.9580078125 0.119140625 0.0849609375