2 0.20703125 0.099609375 0.1669921875 0.19921875
1 0.87548828125 0.166015625 0.0634765625 0.0654296875
1 0.9609375 0.267578125 0.078125 0.1689453125
0 0.15625 0.330078125 0.3125 0.234375
0 0.46240234375 0.33251953125 0.236328125 0.251953125
1 0.77685546875 0.39697265625 0.1796875 0.150390625
1 0.0595703125 0.04345703125 0.0927734375 0.0869140625
0 0.46630859375 0.0478515625 0.3046875 0.095703125
1 0.94189453125 0.501953125 0.0556640625 0.052734375
1 0.25 0.5224609375 0.08984375 0.103515625
1 0.56005859375 0.56005859375 0.1220703125 0.130859375
0 0.40234375 0.576171875 0.16015625 0.154296875
2 0.87109375 0.0595703125 0.2578125 0.119140625
1 0.68408203125 0.59130859375 0.08984375 0.115234375
2 0.095703125 0.59130859375 0.1865234375 0.2373046875
1 0.93359375 0.66748046875 0.1328125 0.1103515625
1 0.50439453125 0.71875 0.078125 0.0830078125
1 0.7646484375 0.7548828125 0.09765625 0.0751953125
2 0.330078125 0.77880859375 0.2392578125 0.21875
0 0.0966796875 0.8134765625 0.193359375 0.1279296875
1 0.55859375 0.828125 0.0537109375 0.05078125
1 0.68310546875 0.83349609375 0.064453125 0.0595703125
1 0.85205078125 0.85009765625 0.0576171875 0.0693359375
2 0.14697265625 0.95263671875 0.29296875 0.0947265625
1 0.9287109375 0.9560546875 0.091796875 0.087890625
1 0.3515625 0.96337890625 0.095703125 0.0732421875