0 0.89111328125 0.205078125 0.2177734375 0.15625
1 0.07666015625 0.033203125 0.0830078125 0.06640625
0 0.15673828125 0.32958984375 0.3134765625 0.2783203125
0 0.5009765625 0.34326171875 0.2685546875 0.2763671875
1 0.89599609375 0.4140625 0.2080078125 0.173828125
1 0.2421875 0.5556640625 0.087890625 0.0810546875
0 0.564453125 0.0576171875 0.4775390625 0.115234375
2 0.9091796875 0.0576171875 0.181640625 0.115234375
1 0.62060546875 0.61767578125 0.1357421875 0.13671875
2 0.09423828125 0.67626953125 0.1884765625 0.3857421875
0 0.44384765625 0.677734375 0.1875 0.095703125
1 0.77099609375 0.693359375 0.0859375 0.0830078125
1 0.548828125 0.8154296875 0.0703125 0.09765625
2 0.35205078125 0.8701171875 0.2978515625 0.2607421875
2 0.2216796875 0.087890625 0.1826171875 0.17578125
1 0.90283203125 0.888671875 0.12890625 0.078125
0 0.0771484375 0.9375 0.154296875 0.1171875
1 0.6171875 0.966796875 0.05078125 0.0537109375