1 0.880859375 0.15576171875 0.068359375 0.064453125
1 0.96337890625 0.2666015625 0.0732421875 0.173828125
1 0.052734375 0.029296875 0.087890625 0.0537109375
2 0.9111328125 0.033203125 0.17578125 0.0654296875
0 0.46044921875 0.3291015625 0.2470703125 0.2548828125
0 0.201171875 0.33349609375 0.2216796875 0.205078125
1 0.77587890625 0.3994140625 0.19140625 0.1494140625
1 0.94091796875 0.49658203125 0.068359375 0.0625
1 0.2451171875 0.5244140625 0.0908203125 0.095703125
1 0.78857421875 0.5478515625 0.068359375 0.0673828125
1 0.5556640625 0.56103515625 0.1376953125 0.125
0 0.39404296875 0.5615234375 0.1474609375 0.1650390625
1 0.689453125 0.60498046875 0.1044921875 0.1474609375
2 0.099609375 0.611328125 0.1748046875 0.3349609375
1 0.935546875 0.67041015625 0.12890625 0.1044921875
0 0.578125 0.07080078125 0.376953125 0.1416015625
1 0.49853515625 0.71337890625 0.0859375 0.0869140625
1 0.7646484375 0.75341796875 0.11328125 0.087890625
2 0.32373046875 0.7900390625 0.2392578125 0.24609375
1 0.56298828125 0.82568359375 0.0546875 0.0498046875
1 0.68310546875 0.83642578125 0.044921875 0.046875
1 0.8515625 0.845703125 0.0615234375 0.0537109375
0 0.087890625 0.84765625 0.17578125 0.1201171875
2 0.23486328125 0.09228515625 0.2421875 0.1845703125
0 0.5615234375 0.9423828125 0.17578125 0.115234375
1 0.92822265625 0.9521484375 0.1044921875 0.095703125
2 0.13916015625 0.9658203125 0.2734375 0.068359375
1 0.34326171875 0.9716796875 0.0908203125 0.056640625