1 0.72216796875 0.09912109375 0.05078125 0.056640625
0 0.51806640625 0.12451171875 0.2626953125 0.2392578125
1 0.19482421875 0.17724609375 0.060546875 0.056640625
0 0.04541015625 0.22119140625 0.0908203125 0.1201171875
1 0.82568359375 0.31494140625 0.140625 0.1416015625
1 0.94775390625 0.361328125 0.052734375 0.068359375
0 0.20556640625 0.38232421875 0.3076171875 0.1689453125
0 0.46923828125 0.38818359375 0.166015625 0.1708984375
0 0.16015625 0.0390625 0.3203125 0.078125
1 0.7060546875 0.4443359375 0.1259765625 0.087890625
1 0.3203125 0.51904296875 0.048828125 0.0615234375
1 0.54248046875 0.55419921875 0.078125 0.0830078125
2 0.14208984375 0.56298828125 0.2841796875 0.1689453125
1 0.93212890625 0.57373046875 0.109375 0.068359375
0 0.4365234375 0.59228515625 0.109375 0.0615234375
1 0.7978515625 0.62646484375 0.041015625 0.046875
0 0.8984375 0.0673828125 0.203125 0.134765625
1 0.50830078125 0.66796875 0.048828125 0.0615234375
1 0.890625 0.67529296875 0.119140625 0.095703125
1 0.69873046875 0.697265625 0.072265625 0.0517578125
2 0.38623046875 0.71923828125 0.17578125 0.1689453125
0 0.1640625 0.72998046875 0.224609375 0.146484375
1 0.95751953125 0.77294921875 0.072265625 0.0712890625
1 0.822265625 0.84228515625 0.0556640625 0.0537109375
1 0.4169921875 0.8876953125 0.099609375 0.095703125
2 0.17724609375 0.90771484375 0.3544921875 0.1845703125
1 0.71484375 0.91064453125 0.0458984375 0.0537109375
1 0.91259765625 0.93994140625 0.0654296875 0.087890625
1 0.564453125 0.97509765625 0.0439453125 0.05078125