1 0.66650390625 0.9794921875 0.04296875 0.0400390625
1 0.71875 0.10107421875 0.0537109375 0.05078125
0 0.48681640625 0.10986328125 0.2119140625 0.201171875
1 0.20068359375 0.18115234375 0.0546875 0.052734375
1 0.77099609375 0.26904296875 0.0458984375 0.0390625
1 0.84912109375 0.33251953125 0.1025390625 0.09375
1 0.94287109375 0.35888671875 0.0546875 0.0625
0 0.474609375 0.38916015625 0.1728515625 0.1611328125
0 0.30029296875 0.4033203125 0.12890625 0.1328125
1 0.7001953125 0.43701171875 0.1220703125 0.1025390625
1 0.9443359375 0.49560546875 0.05078125 0.044921875
1 0.9677734375 0.0498046875 0.046875 0.037109375
1 0.8203125 0.5048828125 0.0380859375 0.0361328125
2 0.11279296875 0.5078125 0.2236328125 0.2802734375
1 0.32275390625 0.521484375 0.0546875 0.0556640625
1 0.54345703125 0.54833984375 0.0830078125 0.0830078125
1 0.9267578125 0.576171875 0.078125 0.0625
1 0.62939453125 0.5947265625 0.044921875 0.037109375
1 0.79345703125 0.62255859375 0.0517578125 0.041015625
1 0.50732421875 0.66650390625 0.0458984375 0.0556640625
1 0.88623046875 0.66748046875 0.111328125 0.107421875
2 0.35693359375 0.68310546875 0.2392578125 0.158203125
1 0.69287109375 0.69189453125 0.0673828125 0.0400390625
1 0.5595703125 0.73974609375 0.0595703125 0.0439453125
1 0.76123046875 0.76123046875 0.041015625 0.029296875
1 0.95947265625 0.76708984375 0.0810546875 0.0615234375
1 0.85302734375 0.8447265625 0.0439453125 0.037109375
1 0.39208984375 0.85791015625 0.05078125 0.046875
2 0.1787109375 0.89013671875 0.35546875 0.2197265625
1 0.712890625 0.90087890625 0.046875 0.046875
1 0.44384765625 0.90234375 0.041015625 0.0380859375
1 0.9287109375 0.9453125 0.068359375 0.064453125
1 0.5634765625 0.9677734375 0.048828125 0.046875