2 0.453125 0.11962890625 0.455078125 0.0830078125
1 0.123046875 0.15087890625 0.0966796875 0.0791015625
2 0.123046875 0.26171875 0.24609375 0.1044921875
0 0.16650390625 0.0283203125 0.1318359375 0.056640625
0 0.54638671875 0.03125 0.271484375 0.0625
0 0.5732421875 0.421875 0.57421875 0.4755859375
1 0.10009765625 0.4560546875 0.19921875 0.25390625
1 0.04296875 0.0634765625 0.0859375 0.080078125
1 0.0078125 0.77490234375 0.015625 0.111328125
2 0.90380859375 0.79638671875 0.189453125 0.21484375
2 0.85107421875 0.0830078125 0.2978515625 0.1650390625
2 0.42236328125 0.8359375 0.7109375 0.328125
1 0.92041015625 0.97119140625 0.1591796875 0.0576171875