1 0.66552734375 0.9814453125 0.0439453125 0.037109375
1 0.71875 0.1025390625 0.05078125 0.0498046875
0 0.48681640625 0.111328125 0.2177734375 0.2041015625
1 0.2021484375 0.17919921875 0.048828125 0.0498046875
1 0.77001953125 0.2705078125 0.0458984375 0.0419921875
1 0.8505859375 0.33642578125 0.0888671875 0.0986328125
1 0.94091796875 0.3505859375 0.0556640625 0.0478515625
0 0.47705078125 0.38671875 0.15625 0.1630859375
0 0.3046875 0.40087890625 0.119140625 0.1318359375
1 0.86474609375 0.42529296875 0.0517578125 0.0419921875
1 0.70166015625 0.435546875 0.1220703125 0.099609375
2 0.12060546875 0.505859375 0.2392578125 0.2685546875
1 0.8203125 0.50830078125 0.033203125 0.0322265625
1 0.3212890625 0.51904296875 0.0576171875 0.060546875
1 0.54443359375 0.5498046875 0.078125 0.080078125
1 0.9267578125 0.576171875 0.08203125 0.0654296875
1 0.626953125 0.59130859375 0.048828125 0.0380859375
1 0.79345703125 0.62158203125 0.044921875 0.0400390625
1 0.50927734375 0.66748046875 0.0478515625 0.0546875
1 0.88330078125 0.66748046875 0.1142578125 0.107421875
2 0.3623046875 0.685546875 0.21875 0.1591796875
1 0.69775390625 0.69287109375 0.0703125 0.0380859375
1 0.54345703125 0.74853515625 0.0341796875 0.029296875
1 0.9521484375 0.76416015625 0.095703125 0.0576171875
1 0.76123046875 0.765625 0.0361328125 0.033203125
1 0.8203125 0.8388671875 0.0537109375 0.052734375
1 0.39208984375 0.8583984375 0.0537109375 0.0546875
2 0.17724609375 0.89111328125 0.3515625 0.2177734375
1 0.71337890625 0.90234375 0.05859375 0.0498046875
1 0.44482421875 0.9052734375 0.0361328125 0.041015625
1 0.91162109375 0.93359375 0.078125 0.078125
1 0.5625 0.97119140625 0.056640625 0.0576171875