1 0.88671875 0.1552734375 0.0576171875 0.0615234375
1 0.96533203125 0.2685546875 0.0693359375 0.1708984375
1 0.05322265625 0.0283203125 0.0751953125 0.056640625
0 0.15185546875 0.3125 0.3037109375 0.2587890625
0 0.45947265625 0.32958984375 0.2294921875 0.234375
1 0.783203125 0.39697265625 0.16796875 0.1396484375
1 0.94287109375 0.4970703125 0.052734375 0.0517578125
1 0.2412109375 0.5166015625 0.0751953125 0.0810546875
1 0.55712890625 0.55908203125 0.1123046875 0.1123046875
0 0.3974609375 0.56396484375 0.177734375 0.166015625
0 0.50732421875 0.06005859375 0.4365234375 0.1201171875
2 0.095703125 0.60546875 0.19140625 0.302734375
1 0.67578125 0.61669921875 0.060546875 0.0615234375
1 0.90869140625 0.65673828125 0.052734375 0.05859375
1 0.97900390625 0.70458984375 0.0419921875 0.134765625
1 0.5009765625 0.72265625 0.05859375 0.078125
1 0.7685546875 0.7607421875 0.08984375 0.0517578125
2 0.33740234375 0.80078125 0.25390625 0.2734375
0 0.09814453125 0.82666015625 0.1962890625 0.1201171875
1 0.55859375 0.830078125 0.05078125 0.0390625
1 0.68310546875 0.83642578125 0.03125 0.037109375
1 0.85498046875 0.85205078125 0.04296875 0.0439453125
1 0.935546875 0.95703125 0.072265625 0.068359375
1 0.3486328125 0.9736328125 0.0751953125 0.052734375