0 0.9248046875 0.1669921875 0.150390625 0.0986328125
0 0.13525390625 0.28173828125 0.2705078125 0.33984375
0 0.49365234375 0.29541015625 0.3369140625 0.34375
1 0.91015625 0.42919921875 0.1015625 0.0947265625
2 0.5 0.05126953125 1 0.1025390625
1 0.18212890625 0.5615234375 0.0966796875 0.1005859375
1 0.64208984375 0.6376953125 0.1787109375 0.171875
0 0.423828125 0.7177734375 0.2373046875 0.130859375
1 0.828125 0.7294921875 0.099609375 0.0927734375
2 0.06201171875 0.7314453125 0.1240234375 0.537109375
1 0.55517578125 0.884765625 0.09765625 0.1181640625
2 0.31591796875 0.8974609375 0.3564453125 0.205078125
1 0.94677734375 0.9697265625 0.0634765625 0.060546875