1 0.744140625 0.1953125 0.060546875 0.0439453125
0 0.5244140625 0.23828125 0.294921875 0.203125
1 0.1484375 0.2685546875 0.060546875 0.0439453125
2 0.27880859375 0.27734375 0.1708984375 0.1640625
1 0.841796875 0.361328125 0.0556640625 0.048828125
1 0.95068359375 0.43701171875 0.0986328125 0.1611328125
0 0.16015625 0.48486328125 0.3203125 0.2275390625
0 0.46826171875 0.5078125 0.2216796875 0.2099609375
1 0.79052734375 0.55908203125 0.16796875 0.1318359375
0 0.60595703125 0.06591796875 0.482421875 0.1318359375
1 0.232421875 0.69091796875 0.0830078125 0.087890625
1 0.57177734375 0.74365234375 0.1318359375 0.134765625
0 0.13232421875 0.07568359375 0.2646484375 0.1513671875
2 0.08935546875 0.806640625 0.1787109375 0.3876953125
2 0.71337890625 0.81201171875 0.0673828125 0.0810546875
2 0.32763671875 0.92626953125 0.263671875 0.1484375
1 0.51953125 0.9541015625 0.0849609375 0.091796875