2 0.22998046875 0.1025390625 0.15625 0.1953125
0 0.1640625 0.3408203125 0.328125 0.2568359375
0 0.50244140625 0.3515625 0.2509765625 0.263671875
1 0.88330078125 0.4287109375 0.20703125 0.1591796875
1 0.1044921875 0.0537109375 0.0654296875 0.0732421875
1 0.25927734375 0.55322265625 0.078125 0.0810546875
1 0.6123046875 0.6103515625 0.1337890625 0.126953125
0 0.5546875 0.06494140625 0.4677734375 0.1298828125
2 0.10546875 0.65576171875 0.2099609375 0.349609375
0 0.44482421875 0.67529296875 0.1708984375 0.095703125
1 0.7490234375 0.68359375 0.0849609375 0.068359375
1 0.54736328125 0.80224609375 0.078125 0.095703125
2 0.36083984375 0.86865234375 0.275390625 0.2626953125
1 0.8818359375 0.87060546875 0.12109375 0.076171875
0 0.0859375 0.9072265625 0.171875 0.134765625
1 0.61474609375 0.94384765625 0.0458984375 0.0517578125
1 0.77197265625 0.96435546875 0.052734375 0.0390625