1 0.8525390625 0.10546875 0.0615234375 0.0849609375
0 0.2265625 0.1943359375 0.451171875 0.388671875
2 0.5615234375 0.203125 0.19921875 0.3583984375
1 0.9482421875 0.26611328125 0.0849609375 0.1796875
1 0.78369140625 0.4287109375 0.21484375 0.2626953125
1 0.98193359375 0.4326171875 0.0361328125 0.0673828125
1 0.55810546875 0.54443359375 0.1376953125 0.123046875
2 0.23828125 0.5458984375 0.470703125 0.2939453125
1 0.515625 0.65087890625 0.0537109375 0.0595703125
1 0.86572265625 0.7158203125 0.0634765625 0.0859375
1 0.75537109375 0.73046875 0.0927734375 0.21875
1 0.6494140625 0.74951171875 0.0517578125 0.0556640625
2 0.0693359375 0.8505859375 0.13671875 0.298828125
1 0.373046875 0.85107421875 0.455078125 0.294921875
1 0.72802734375 0.9501953125 0.1259765625 0.099609375