1 0.6611328125 0.97998046875 0.0537109375 0.0400390625
1 0.7197265625 0.103515625 0.0546875 0.0576171875
0 0.48095703125 0.10498046875 0.2099609375 0.185546875
1 0.2021484375 0.18017578125 0.0556640625 0.0546875
1 0.7666015625 0.27099609375 0.0419921875 0.044921875
1 0.84716796875 0.33447265625 0.0986328125 0.0986328125
1 0.9423828125 0.3505859375 0.046875 0.0439453125
0 0.474609375 0.38818359375 0.1669921875 0.166015625
0 0.3076171875 0.40966796875 0.1103515625 0.1171875
1 0.7021484375 0.43212890625 0.1201171875 0.0908203125
2 0.09765625 0.44970703125 0.1953125 0.3212890625
1 0.9638671875 0.0498046875 0.0478515625 0.0341796875
1 0.32080078125 0.51904296875 0.052734375 0.0546875
1 0.54248046875 0.54931640625 0.078125 0.083984375
1 0.6328125 0.57275390625 0.0595703125 0.0908203125
1 0.92578125 0.57861328125 0.0966796875 0.0673828125
1 0.79345703125 0.61962890625 0.0537109375 0.0439453125
1 0.88720703125 0.6630859375 0.1162109375 0.0908203125
1 0.5029296875 0.6650390625 0.0546875 0.0556640625
1 0.69482421875 0.69482421875 0.0673828125 0.046875
1 0.76171875 0.76416015625 0.04296875 0.0361328125
1 0.9560546875 0.76953125 0.0859375 0.0654296875
2 0.14599609375 0.8408203125 0.251953125 0.3134765625
1 0.818359375 0.84326171875 0.0546875 0.052734375
1 0.39208984375 0.8583984375 0.0537109375 0.052734375
1 0.4462890625 0.9013671875 0.044921875 0.037109375
1 0.71044921875 0.90234375 0.0615234375 0.0556640625
1 0.90234375 0.9365234375 0.0751953125 0.0849609375
1 0.56005859375 0.9716796875 0.0615234375 0.048828125