1 0.95458984375 0.984375 0.0908203125 0.03125
2 0.7705078125 0.2705078125 0.150390625 0.3642578125
0 0.490234375 0.27587890625 0.361328125 0.369140625
0 0.1396484375 0.31982421875 0.27734375 0.275390625
2 0.65185546875 0.03955078125 0.6962890625 0.0791015625
1 0.9267578125 0.4306640625 0.146484375 0.125
1 0.15966796875 0.55908203125 0.1064453125 0.10546875
1 0.80322265625 0.60400390625 0.0419921875 0.037109375
1 0.9091796875 0.64697265625 0.0771484375 0.0673828125
1 0.64794921875 0.6494140625 0.185546875 0.181640625
1 0.84765625 0.7490234375 0.12109375 0.087890625
2 0.14990234375 0.8125 0.2939453125 0.375
1 0.916015625 0.8310546875 0.056640625 0.0458984375
2 0.14453125 0.0859375 0.2890625 0.171875
1 0.9775390625 0.876953125 0.0419921875 0.0439453125
2 0.4033203125 0.88427734375 0.1806640625 0.2314453125
1 0.5556640625 0.90576171875 0.0927734375 0.115234375
2 0.73193359375 0.90966796875 0.2392578125 0.1806640625