1 0.6640625 0.97705078125 0.0322265625 0.03515625
1 0.71728515625 0.1025390625 0.0439453125 0.0537109375
0 0.48681640625 0.10693359375 0.2177734375 0.1943359375
1 0.197265625 0.1787109375 0.052734375 0.0556640625
1 0.76904296875 0.26806640625 0.0478515625 0.0390625
1 0.8505859375 0.33056640625 0.0927734375 0.0908203125
1 0.9423828125 0.3603515625 0.0546875 0.0634765625
0 0.47314453125 0.3896484375 0.169921875 0.1689453125
0 0.28759765625 0.3994140625 0.150390625 0.1318359375
1 0.865234375 0.423828125 0.04296875 0.04296875
1 0.70361328125 0.439453125 0.119140625 0.0986328125
1 0.96630859375 0.04931640625 0.0439453125 0.0390625
2 0.10498046875 0.50341796875 0.2001953125 0.259765625
1 0.3212890625 0.52001953125 0.0517578125 0.052734375
1 0.5458984375 0.55224609375 0.0810546875 0.0751953125
1 0.92919921875 0.57666015625 0.08984375 0.0546875
1 0.62548828125 0.59228515625 0.0576171875 0.0439453125
1 0.794921875 0.62158203125 0.044921875 0.0400390625
1 0.8837890625 0.6650390625 0.10546875 0.109375
2 0.322265625 0.666015625 0.208984375 0.1650390625
1 0.50634765625 0.66748046875 0.0439453125 0.0576171875
1 0.6923828125 0.69384765625 0.0595703125 0.048828125
1 0.5439453125 0.7451171875 0.03515625 0.0322265625
1 0.76513671875 0.751953125 0.095703125 0.0478515625
1 0.9560546875 0.76611328125 0.087890625 0.0693359375
1 0.81982421875 0.83935546875 0.0556640625 0.05078125
1 0.39208984375 0.85791015625 0.0537109375 0.0498046875
2 0.17822265625 0.88720703125 0.3564453125 0.2255859375
1 0.71435546875 0.90234375 0.0537109375 0.046875
1 0.4462890625 0.904296875 0.0419921875 0.0400390625
1 0.9052734375 0.93505859375 0.07421875 0.0751953125
1 0.56201171875 0.97021484375 0.0517578125 0.048828125