1 0.5712890625 0.986328125 0.05859375 0.02734375
0 0.49609375 0.099609375 0.251953125 0.19921875
2 0.2880859375 0.146484375 0.12109375 0.29296875
1 0.18017578125 0.15771484375 0.0654296875 0.064453125
1 0.79052734375 0.25146484375 0.0517578125 0.052734375
1 0.87744140625 0.32568359375 0.0966796875 0.1259765625
1 0.96923828125 0.35009765625 0.0615234375 0.0703125
0 0.47216796875 0.3837890625 0.1728515625 0.1845703125
0 0.283203125 0.38916015625 0.150390625 0.1611328125
1 0.89453125 0.423828125 0.048828125 0.0419921875
1 0.71630859375 0.4287109375 0.1376953125 0.1259765625
1 0.83935546875 0.5126953125 0.0439453125 0.0478515625
1 0.3095703125 0.52294921875 0.06640625 0.068359375
2 0.09521484375 0.52392578125 0.1904296875 0.2822265625
1 0.6611328125 0.55029296875 0.046875 0.033203125
1 0.54638671875 0.55615234375 0.0986328125 0.099609375
1 0.95263671875 0.57763671875 0.0947265625 0.0810546875
1 0.64599609375 0.61474609375 0.0712890625 0.0693359375
1 0.8173828125 0.63671875 0.05078125 0.0537109375
2 0.291015625 0.666015625 0.166015625 0.1982421875
1 0.509765625 0.677734375 0.052734375 0.0654296875
1 0.9228515625 0.67919921875 0.12109375 0.103515625
1 0.7119140625 0.70751953125 0.07421875 0.046875
1 0.72705078125 0.0732421875 0.0693359375 0.0712890625
1 0.544921875 0.7646484375 0.033203125 0.0439453125
1 0.64599609375 0.76806640625 0.0361328125 0.0439453125
1 0.78076171875 0.78271484375 0.0478515625 0.0458984375
1 0.97216796875 0.783203125 0.0556640625 0.0732421875
1 0.8447265625 0.86865234375 0.07421875 0.064453125
2 0.16796875 0.89453125 0.3359375 0.2109375
1 0.4091796875 0.90576171875 0.11328125 0.111328125
1 0.72705078125 0.9267578125 0.0654296875 0.076171875
1 0.93505859375 0.955078125 0.0712890625 0.08984375