1 0.75 0.17724609375 0.0908203125 0.1103515625
2 0.3046875 0.26220703125 0.375 0.5244140625
1 0.8173828125 0.3076171875 0.08203125 0.0966796875
1 0.57373046875 0.4697265625 0.12890625 0.1279296875
1 0.80029296875 0.51953125 0.2119140625 0.30078125
0 0.04931640625 0.064453125 0.0986328125 0.12890625
1 0.60693359375 0.6640625 0.052734375 0.0517578125
1 0.19921875 0.771484375 0.3984375 0.45703125
1 0.77490234375 0.85009765625 0.2548828125 0.296875
1 0.96533203125 0.91357421875 0.0693359375 0.15234375
1 0.5595703125 0.9697265625 0.0693359375 0.060546875