1 0.76708984375 0.10693359375 0.0673828125 0.05859375
0 0.52978515625 0.1455078125 0.326171875 0.25390625
0 0.083984375 0.0185546875 0.10546875 0.037109375
1 0.12646484375 0.1865234375 0.05859375 0.05859375
2 0.263671875 0.197265625 0.1826171875 0.1923828125
2 0.8525390625 0.20068359375 0.294921875 0.1103515625
1 0.8564453125 0.28759765625 0.0537109375 0.044921875
1 0.95361328125 0.38037109375 0.0927734375 0.150390625
0 0.1552734375 0.42626953125 0.310546875 0.2421875
0 0.46533203125 0.44482421875 0.220703125 0.2138671875
1 0.79052734375 0.5068359375 0.1708984375 0.126953125
1 0.23681640625 0.626953125 0.072265625 0.0751953125
1 0.9677734375 0.62890625 0.064453125 0.080078125
1 0.5673828125 0.67724609375 0.1142578125 0.1337890625
1 0.7001953125 0.7431640625 0.0703125 0.068359375
2 0.09423828125 0.78076171875 0.1884765625 0.4384765625
1 0.96875 0.791015625 0.0625 0.0654296875
1 0.513671875 0.87451171875 0.072265625 0.1005859375
2 0.3349609375 0.89697265625 0.259765625 0.20703125
1 0.8232421875 0.92138671875 0.10546875 0.068359375