0 0.20556640625 0.13720703125 0.4111328125 0.2744140625
2 0.5234375 0.21533203125 0.201171875 0.4306640625
1 0.95458984375 0.2197265625 0.0908203125 0.203125
1 0.81201171875 0.283203125 0.095703125 0.1015625
1 0.87841796875 0.04150390625 0.06640625 0.0830078125
1 0.80419921875 0.43017578125 0.205078125 0.1533203125
2 0.20654296875 0.47412109375 0.4130859375 0.3818359375
1 0.52197265625 0.50830078125 0.166015625 0.1328125
1 0.9765625 0.56494140625 0.046875 0.06640625
1 0.50732421875 0.61962890625 0.05859375 0.0654296875
1 0.86279296875 0.673828125 0.0693359375 0.0849609375
1 0.74658203125 0.68798828125 0.0791015625 0.1923828125
1 0.6533203125 0.70947265625 0.05078125 0.0556640625
1 0.96044921875 0.8359375 0.0791015625 0.1416015625
1 0.333984375 0.8408203125 0.4853515625 0.318359375
1 0.7021484375 0.92041015625 0.130859375 0.1591796875