1 0.7119140625 0.10205078125 0.072265625 0.0810546875
0 0.4814453125 0.11279296875 0.216796875 0.203125
2 0.3125 0.171875 0.1083984375 0.15625
1 0.1904296875 0.181640625 0.0908203125 0.0810546875
2 0.83740234375 0.1884765625 0.3115234375 0.064453125
0 0.75732421875 0.02099609375 0.1494140625 0.0419921875
0 0.03125 0.2294921875 0.0625 0.1318359375
0 0.166015625 0.02587890625 0.1396484375 0.0517578125
1 0.7685546875 0.2724609375 0.0498046875 0.052734375
1 0.8994140625 0.35986328125 0.1953125 0.1904296875
0 0.22900390625 0.373046875 0.26953125 0.19921875
0 0.47412109375 0.37939453125 0.185546875 0.19140625
1 0.69775390625 0.42822265625 0.14453125 0.119140625
1 0.818359375 0.5048828125 0.037109375 0.0439453125
1 0.310546875 0.5263671875 0.083984375 0.080078125
1 0.96826171875 0.05419921875 0.0478515625 0.048828125
0 0.041015625 0.05419921875 0.08203125 0.1083984375
1 0.54736328125 0.55712890625 0.1005859375 0.1171875
2 0.13134765625 0.55908203125 0.2490234375 0.14453125
0 0.427734375 0.5693359375 0.12890625 0.1220703125
1 0.64501953125 0.57421875 0.0810546875 0.08984375
1 0.87158203125 0.62744140625 0.212890625 0.1875
1 0.5068359375 0.66845703125 0.0634765625 0.0634765625
1 0.6884765625 0.697265625 0.0908203125 0.0634765625
0 0.146484375 0.73779296875 0.2255859375 0.1787109375
2 0.373046875 0.73779296875 0.1845703125 0.166015625
1 0.5400390625 0.7509765625 0.046875 0.048828125
1 0.63818359375 0.755859375 0.06640625 0.04296875
1 0.75732421875 0.7646484375 0.0439453125 0.0439453125
1 0.955078125 0.76708984375 0.08984375 0.0703125
1 0.81494140625 0.83935546875 0.0693359375 0.072265625
1 0.41162109375 0.8837890625 0.123046875 0.10546875
1 0.71044921875 0.90478515625 0.078125 0.076171875
2 0.15869140625 0.92578125 0.31640625 0.1484375
1 0.90625 0.9384765625 0.0966796875 0.091796875
1 0.56103515625 0.97021484375 0.07421875 0.0595703125
1 0.66064453125 0.9755859375 0.0546875 0.048828125