0 0.7919921875 0.982421875 0.08984375 0.03515625
1 0.88525390625 0.1474609375 0.0625 0.0673828125
1 0.958984375 0.26318359375 0.0751953125 0.1572265625
1 0.048828125 0.0263671875 0.0791015625 0.052734375
0 0.46142578125 0.32958984375 0.2451171875 0.2568359375
0 0.21435546875 0.341796875 0.1884765625 0.1826171875
1 0.77734375 0.388671875 0.1943359375 0.1865234375
1 0.93505859375 0.5048828125 0.0634765625 0.0751953125
1 0.2412109375 0.513671875 0.0986328125 0.0888671875
2 0.91650390625 0.0546875 0.1669921875 0.1005859375
1 0.78857421875 0.541015625 0.0439453125 0.0625
1 0.70654296875 0.55029296875 0.0546875 0.0595703125
1 0.55224609375 0.5576171875 0.134765625 0.1298828125
0 0.3984375 0.56982421875 0.158203125 0.162109375
2 0.0986328125 0.60888671875 0.1650390625 0.314453125
1 0.70751953125 0.64892578125 0.1435546875 0.12890625
1 0.92236328125 0.66162109375 0.1552734375 0.1123046875
0 0.5966796875 0.0712890625 0.41796875 0.142578125
1 0.501953125 0.71826171875 0.0888671875 0.095703125
1 0.76611328125 0.755859375 0.1015625 0.0732421875
2 0.328125 0.7890625 0.220703125 0.2548828125
1 0.55810546875 0.82861328125 0.060546875 0.046875
0 0.08837890625 0.83251953125 0.17578125 0.10546875
1 0.85693359375 0.84716796875 0.060546875 0.041015625
2 0.22802734375 0.095703125 0.2431640625 0.1904296875
2 0.09912109375 0.94921875 0.1982421875 0.1015625
0 0.568359375 0.9501953125 0.193359375 0.099609375
1 0.92626953125 0.95361328125 0.08984375 0.08203125
1 0.341796875 0.97314453125 0.1025390625 0.0537109375