1 0.71728515625 0.0986328125 0.0576171875 0.0556640625
1 0.6640625 0.982421875 0.03515625 0.03515625
0 0.49853515625 0.10791015625 0.21875 0.205078125
1 0.19921875 0.17626953125 0.064453125 0.0625
2 0.31005859375 0.1767578125 0.1337890625 0.2666015625
1 0.82666015625 0.31103515625 0.1474609375 0.1357421875
1 0.9443359375 0.35791015625 0.06640625 0.0703125
0 0.47412109375 0.38720703125 0.1640625 0.171875
0 0.27734375 0.39501953125 0.173828125 0.15234375
1 0.86865234375 0.42724609375 0.0439453125 0.041015625
1 0.705078125 0.443359375 0.1337890625 0.1025390625
1 0.970703125 0.0478515625 0.044921875 0.041015625
1 0.822265625 0.50830078125 0.037109375 0.0322265625
2 0.0869140625 0.51025390625 0.173828125 0.2724609375
1 0.318359375 0.5185546875 0.060546875 0.05859375
1 0.54345703125 0.55078125 0.0888671875 0.08203125
1 0.92919921875 0.57568359375 0.08984375 0.06640625
1 0.62744140625 0.58935546875 0.0458984375 0.044921875
1 0.796875 0.62255859375 0.0439453125 0.0419921875
2 0.29052734375 0.65185546875 0.2158203125 0.185546875
1 0.50634765625 0.66845703125 0.0537109375 0.0556640625
1 0.8974609375 0.66845703125 0.125 0.1025390625
1 0.6982421875 0.6982421875 0.0703125 0.0400390625
1 0.5439453125 0.7470703125 0.03515625 0.0322265625
1 0.6376953125 0.75537109375 0.03515625 0.029296875
1 0.763671875 0.7646484375 0.033203125 0.0322265625
1 0.95947265625 0.7685546875 0.0810546875 0.064453125
1 0.8193359375 0.8447265625 0.0625 0.0595703125
1 0.41796875 0.884765625 0.0986328125 0.1005859375
2 0.17822265625 0.8916015625 0.3564453125 0.216796875
1 0.71484375 0.90478515625 0.052734375 0.0478515625
1 0.91357421875 0.9384765625 0.060546875 0.0869140625
1 0.56298828125 0.97119140625 0.0458984375 0.0498046875