1 0.84521484375 0.9873046875 0.12109375 0.0263671875
1 0.9287109375 0.11474609375 0.142578125 0.2294921875
1 0.73779296875 0.18798828125 0.0576171875 0.0537109375
0 0.52685546875 0.2236328125 0.3095703125 0.2275390625
1 0.14208984375 0.2587890625 0.0537109375 0.0537109375
2 0.2705078125 0.2626953125 0.1728515625 0.18359375
1 0.837890625 0.3505859375 0.052734375 0.0517578125
1 0.94970703125 0.4345703125 0.1005859375 0.1416015625
0 0.15673828125 0.4833984375 0.3134765625 0.234375
0 0.681640625 0.05029296875 0.306640625 0.1005859375
0 0.4619140625 0.501953125 0.2197265625 0.2177734375
1 0.78564453125 0.5615234375 0.1630859375 0.1220703125
0 0.1259765625 0.06103515625 0.251953125 0.1171875
1 0.22900390625 0.6826171875 0.080078125 0.0908203125
1 0.57080078125 0.736328125 0.1240234375 0.134765625
1 0.7060546875 0.80322265625 0.0673828125 0.078125
2 0.08837890625 0.8076171875 0.17578125 0.384765625
2 0.32421875 0.923828125 0.2705078125 0.1533203125
1 0.50830078125 0.9482421875 0.078125 0.1044921875