1 0.6630859375 0.9814453125 0.04296875 0.037109375
1 0.71533203125 0.10400390625 0.0537109375 0.05078125
0 0.48974609375 0.11328125 0.2080078125 0.2060546875
1 0.19775390625 0.1806640625 0.0615234375 0.0556640625
1 0.77001953125 0.26904296875 0.0478515625 0.0419921875
1 0.849609375 0.33349609375 0.091796875 0.091796875
1 0.94384765625 0.35009765625 0.0576171875 0.0517578125
0 0.47314453125 0.3916015625 0.1669921875 0.1650390625
0 0.2978515625 0.40234375 0.12890625 0.1318359375
1 0.865234375 0.42529296875 0.044921875 0.0419921875
1 0.69970703125 0.435546875 0.1240234375 0.0966796875
2 0.1142578125 0.47509765625 0.228515625 0.3544921875
1 0.322265625 0.52001953125 0.056640625 0.05859375
1 0.54150390625 0.54638671875 0.0927734375 0.0810546875
1 0.93212890625 0.57470703125 0.083984375 0.0625
1 0.6279296875 0.58935546875 0.05078125 0.044921875
1 0.79150390625 0.62060546875 0.0458984375 0.0419921875
1 0.88525390625 0.6640625 0.1083984375 0.1015625
1 0.5068359375 0.66455078125 0.04296875 0.05078125
2 0.333984375 0.669921875 0.181640625 0.1962890625
1 0.69482421875 0.6923828125 0.0673828125 0.0361328125
1 0.54736328125 0.74609375 0.0380859375 0.0341796875
1 0.76171875 0.75927734375 0.033203125 0.0302734375
1 0.95654296875 0.763671875 0.0869140625 0.0615234375
1 0.81787109375 0.83984375 0.0556640625 0.0537109375
1 0.4169921875 0.876953125 0.09375 0.0888671875
2 0.18115234375 0.8896484375 0.3564453125 0.220703125
1 0.712890625 0.900390625 0.0537109375 0.0478515625
1 0.90234375 0.93212890625 0.064453125 0.078125
1 0.5615234375 0.96875 0.0595703125 0.0546875