2 0.5703125 0.16162109375 0.8583984375 0.0810546875
1 0.0693359375 0.1767578125 0.1015625 0.0751953125
2 0.12646484375 0.2666015625 0.236328125 0.0771484375
1 0.26513671875 0.04150390625 0.0478515625 0.0517578125
2 0.90625 0.431640625 0.1806640625 0.41015625
0 0.7822265625 0.0458984375 0.15625 0.0869140625
0 0.52978515625 0.46337890625 0.54296875 0.474609375
0 0.111328125 0.48974609375 0.216796875 0.3310546875
0 0.11083984375 0.05029296875 0.2216796875 0.1005859375
2 0.93994140625 0.0537109375 0.1201171875 0.1025390625
0 0.52880859375 0.05419921875 0.3291015625 0.1083984375
1 0.97021484375 0.73193359375 0.0595703125 0.1123046875
2 0.82958984375 0.802734375 0.17578125 0.173828125
2 0.365234375 0.85986328125 0.7060546875 0.2802734375
1 0.87451171875 0.95556640625 0.2509765625 0.0888671875