1 0.81640625 0.1015625 0.1083984375 0.2021484375
2 0.36669921875 0.12646484375 0.1728515625 0.2529296875
1 0.13671875 0.126953125 0.267578125 0.25390625
1 0.60107421875 0.134765625 0.2705078125 0.26953125
1 0.875 0.35791015625 0.1416015625 0.18359375
1 0.56982421875 0.37158203125 0.060546875 0.0830078125
2 0.1923828125 0.43701171875 0.384765625 0.349609375
1 0.62451171875 0.4697265625 0.05859375 0.0625
1 0.7548828125 0.4951171875 0.06640625 0.1240234375
1 0.91064453125 0.51220703125 0.0703125 0.0771484375
1 0.4541015625 0.57080078125 0.0986328125 0.11328125
1 0.62744140625 0.6376953125 0.146484375 0.2548828125
1 0.93603515625 0.65966796875 0.1279296875 0.1884765625
1 0.14697265625 0.8125 0.2939453125 0.375
2 0.423828125 0.826171875 0.224609375 0.34765625
1 0.6845703125 0.8916015625 0.1162109375 0.16796875