2 0.22412109375 0.09765625 0.1533203125 0.1953125
1 0.78076171875 0.9765625 0.05078125 0.0439453125
0 0.16162109375 0.3369140625 0.322265625 0.2587890625
0 0.49853515625 0.3466796875 0.2587890625 0.263671875
1 0.89111328125 0.419921875 0.2177734375 0.166015625
1 0.09326171875 0.0439453125 0.078125 0.068359375
1 0.25341796875 0.55078125 0.080078125 0.0810546875
0 0.5546875 0.05859375 0.482421875 0.1171875
1 0.6123046875 0.6142578125 0.1337890625 0.1298828125
2 0.1015625 0.65576171875 0.203125 0.3544921875
0 0.4423828125 0.6826171875 0.1904296875 0.095703125
1 0.7646484375 0.68603515625 0.08203125 0.068359375
1 0.54736328125 0.8046875 0.0732421875 0.095703125
2 0.3583984375 0.87255859375 0.2802734375 0.255859375
1 0.88818359375 0.87890625 0.12890625 0.068359375
0 0.08740234375 0.91552734375 0.1728515625 0.1416015625
1 0.62060546875 0.9560546875 0.052734375 0.056640625