0 0.5244140625 0.1328125 0.2763671875 0.25390625
1 0.1953125 0.17529296875 0.0517578125 0.0537109375
0 0.0380859375 0.20263671875 0.076171875 0.1025390625
2 0.3056640625 0.205078125 0.13671875 0.107421875
1 0.85302734375 0.33837890625 0.0869140625 0.11328125
1 0.94677734375 0.3564453125 0.0556640625 0.087890625
0 0.17919921875 0.369140625 0.3583984375 0.1962890625
0 0.4755859375 0.3896484375 0.1669921875 0.1708984375
1 0.32177734375 0.5224609375 0.0556640625 0.05859375
1 0.54150390625 0.55322265625 0.080078125 0.0859375
2 0.14208984375 0.560546875 0.2841796875 0.1591796875
1 0.9296875 0.580078125 0.08984375 0.0810546875
0 0.44140625 0.58984375 0.099609375 0.056640625
1 0.63037109375 0.595703125 0.0478515625 0.048828125
1 0.79541015625 0.62255859375 0.0458984375 0.048828125
1 0.509765625 0.67041015625 0.0458984375 0.0615234375
0 0.16064453125 0.068359375 0.3095703125 0.13671875
1 0.7001953125 0.69482421875 0.0849609375 0.0517578125
2 0.38623046875 0.72021484375 0.17578125 0.17578125
0 0.16796875 0.72900390625 0.216796875 0.1494140625
0 0.8974609375 0.07421875 0.205078125 0.1484375
1 0.95947265625 0.7666015625 0.0810546875 0.0634765625
1 0.82080078125 0.8388671875 0.0576171875 0.0615234375
1 0.41455078125 0.8828125 0.1044921875 0.095703125
1 0.71337890625 0.9072265625 0.052734375 0.0615234375
2 0.17529296875 0.91015625 0.3486328125 0.1796875
1 0.9111328125 0.9365234375 0.0673828125 0.095703125
1 0.71923828125 0.09716796875 0.056640625 0.0576171875
1 0.5634765625 0.9736328125 0.060546875 0.052734375