1 0.75634765625 0.12109375 0.060546875 0.056640625
0 0.5341796875 0.15771484375 0.3193359375 0.2373046875
1 0.13623046875 0.20166015625 0.0654296875 0.0615234375
2 0.85302734375 0.21240234375 0.2939453125 0.09765625
2 0.27294921875 0.21484375 0.177734375 0.2001953125
0 0.13720703125 0.0244140625 0.2099609375 0.048828125
1 0.85498046875 0.30419921875 0.052734375 0.0615234375
1 0.95703125 0.384765625 0.0859375 0.1494140625
0 0.1591796875 0.439453125 0.318359375 0.2294921875
0 0.470703125 0.4580078125 0.216796875 0.22265625
1 0.79150390625 0.51416015625 0.1650390625 0.134765625
1 0.2412109375 0.6298828125 0.0751953125 0.0830078125
1 0.5693359375 0.68603515625 0.1220703125 0.1318359375
1 0.70361328125 0.74951171875 0.0673828125 0.0732421875
2 0.0966796875 0.78466796875 0.193359375 0.431640625
1 0.97021484375 0.80322265625 0.0595703125 0.078125
1 0.5146484375 0.8779296875 0.0703125 0.10546875
2 0.33740234375 0.89697265625 0.2587890625 0.20703125
1 0.8271484375 0.9365234375 0.119140625 0.076171875