0 0.529296875 0.12841796875 0.3291015625 0.2568359375
1 0.12646484375 0.17822265625 0.0654296875 0.05859375
2 0.26416015625 0.189453125 0.17578125 0.212890625
2 0.8544921875 0.19287109375 0.291015625 0.0830078125
1 0.8623046875 0.28076171875 0.052734375 0.05859375
1 0.96044921875 0.37255859375 0.0791015625 0.1494140625
0 0.15771484375 0.42138671875 0.3154296875 0.2275390625
0 0.46923828125 0.439453125 0.2197265625 0.2197265625
1 0.24365234375 0.6142578125 0.0703125 0.06640625
1 0.56689453125 0.66650390625 0.1123046875 0.126953125
1 0.69775390625 0.7275390625 0.0703125 0.05859375
2 0.099609375 0.75341796875 0.197265625 0.4130859375
1 0.51318359375 0.8486328125 0.078125 0.10546875
2 0.3388671875 0.88818359375 0.2509765625 0.2236328125
1 0.818359375 0.90576171875 0.1064453125 0.0634765625
1 0.77099609375 0.0927734375 0.0654296875 0.068359375