0 0.48681640625 0.10693359375 0.25390625 0.2138671875
0 0.083984375 0.01708984375 0.1123046875 0.0341796875
1 0.1240234375 0.17578125 0.0986328125 0.0732421875
1 0.85205078125 0.27392578125 0.0703125 0.07421875
1 0.95166015625 0.357421875 0.0966796875 0.1396484375
0 0.16015625 0.4169921875 0.3203125 0.248046875
0 0.4677734375 0.4365234375 0.2353515625 0.2275390625
1 0.783203125 0.49609375 0.201171875 0.16796875
1 0.966796875 0.59765625 0.0654296875 0.0810546875
1 0.240234375 0.625 0.119140625 0.1162109375
1 0.57080078125 0.67626953125 0.12890625 0.1328125
0 0.92578125 0.0703125 0.1484375 0.140625
1 0.69482421875 0.7294921875 0.083984375 0.0791015625
0 0.40966796875 0.73095703125 0.1767578125 0.1015625
2 0.08740234375 0.77734375 0.1748046875 0.4404296875
1 0.9599609375 0.7802734375 0.0791015625 0.0869140625
1 0.5107421875 0.85693359375 0.08984375 0.1123046875
2 0.322265625 0.8974609375 0.2607421875 0.205078125
1 0.81640625 0.90087890625 0.119140625 0.0869140625
1 0.76513671875 0.09375 0.0751953125 0.0810546875
1 0.68408203125 0.9736328125 0.265625 0.052734375