1 0.88134765625 0.10498046875 0.06640625 0.0888671875
0 0.23095703125 0.20849609375 0.4599609375 0.4169921875
2 0.60302734375 0.23876953125 0.1943359375 0.4775390625
1 0.970703125 0.25927734375 0.05859375 0.1865234375
1 0.8203125 0.42626953125 0.2138671875 0.26171875
1 0.58935546875 0.55126953125 0.1259765625 0.1181640625
2 0.24658203125 0.5703125 0.4912109375 0.2333984375
1 0.533203125 0.65478515625 0.056640625 0.0546875
1 0.77587890625 0.736328125 0.0927734375 0.2255859375
1 0.89794921875 0.73779296875 0.068359375 0.1142578125
1 0.68408203125 0.759765625 0.0537109375 0.0537109375
2 0.07275390625 0.8466796875 0.1396484375 0.306640625
1 0.38232421875 0.849609375 0.44921875 0.30078125
1 0.73974609375 0.951171875 0.1494140625 0.09765625