2 0.75 0.283203125 0.150390625 0.3388671875
0 0.49267578125 0.29052734375 0.3349609375 0.3525390625
0 0.1396484375 0.31982421875 0.27734375 0.275390625
1 0.9267578125 0.43701171875 0.146484375 0.125
2 0.66748046875 0.05224609375 0.6650390625 0.103515625
1 0.1796875 0.55615234375 0.09375 0.10546875
1 0.7890625 0.59814453125 0.0419921875 0.037109375
1 0.89013671875 0.63720703125 0.0771484375 0.0673828125
1 0.6435546875 0.64013671875 0.1728515625 0.181640625
1 0.82568359375 0.73828125 0.12109375 0.087890625
2 0.16650390625 0.8125 0.3271484375 0.375
1 0.892578125 0.81396484375 0.056640625 0.0458984375
2 0.16015625 0.0859375 0.314453125 0.171875
1 0.95703125 0.853515625 0.0419921875 0.0439453125
2 0.41845703125 0.869140625 0.1513671875 0.26171875
1 0.55419921875 0.8837890625 0.0927734375 0.115234375
1 0.95458984375 0.96484375 0.0908203125 0.0703125