1 0.5693359375 0.984375 0.052734375 0.03125
0 0.52197265625 0.1220703125 0.265625 0.244140625
1 0.1787109375 0.15771484375 0.056640625 0.0556640625
2 0.8330078125 0.1728515625 0.333984375 0.099609375
2 0.30029296875 0.1875 0.15625 0.138671875
0 0.03173828125 0.19873046875 0.0634765625 0.10546875
1 0.8408203125 0.30322265625 0.1455078125 0.138671875
1 0.9697265625 0.35302734375 0.060546875 0.078125
0 0.1923828125 0.36669921875 0.322265625 0.1982421875
0 0.47119140625 0.3837890625 0.1708984375 0.1787109375
1 0.712890625 0.43359375 0.1298828125 0.099609375
1 0.83984375 0.51123046875 0.041015625 0.044921875
1 0.31005859375 0.52197265625 0.05859375 0.05859375
0 0.22998046875 0.05419921875 0.18359375 0.10546875
1 0.54443359375 0.5546875 0.08203125 0.0859375
2 0.1357421875 0.5673828125 0.271484375 0.185546875
1 0.95361328125 0.58056640625 0.0927734375 0.06640625
1 0.63623046875 0.59423828125 0.0546875 0.0537109375
0 0.43115234375 0.5947265625 0.1123046875 0.06640625
0 0.90185546875 0.0595703125 0.1962890625 0.1123046875
1 0.81201171875 0.62890625 0.0419921875 0.044921875
1 0.90673828125 0.67626953125 0.1171875 0.103515625
1 0.50732421875 0.677734375 0.0458984375 0.060546875
1 0.70703125 0.70654296875 0.0712890625 0.04296875
2 0.37939453125 0.72412109375 0.1904296875 0.1748046875
0 0.14501953125 0.740234375 0.224609375 0.138671875
1 0.548828125 0.7626953125 0.037109375 0.0341796875
1 0.7783203125 0.77880859375 0.0390625 0.037109375
1 0.9697265625 0.78125 0.060546875 0.0673828125
1 0.73095703125 0.07958984375 0.0546875 0.05859375
1 0.83984375 0.865234375 0.05078125 0.0537109375
1 0.41064453125 0.90283203125 0.099609375 0.099609375
2 0.17578125 0.91015625 0.3515625 0.1796875
1 0.7236328125 0.92919921875 0.0517578125 0.0537109375
1 0.93603515625 0.955078125 0.0654296875 0.08984375