1 0.767578125 0.9833984375 0.091796875 0.033203125
2 0.85498046875 0.11279296875 0.2900390625 0.09375
2 0.26513671875 0.1142578125 0.150390625 0.2158203125
1 0.76318359375 0.01904296875 0.091796875 0.0380859375
1 0.8466796875 0.208984375 0.0625 0.0732421875
1 0.9443359375 0.32958984375 0.111328125 0.20703125
0 0.16552734375 0.35107421875 0.3310546875 0.216796875
0 0.470703125 0.36328125 0.1982421875 0.2109375
1 0.75927734375 0.42236328125 0.1708984375 0.1435546875
1 0.90673828125 0.51123046875 0.0478515625 0.05078125
1 0.27197265625 0.5283203125 0.0927734375 0.1005859375
1 0.55615234375 0.564453125 0.115234375 0.125
0 0.416015625 0.576171875 0.1328125 0.1259765625
2 0.11083984375 0.58349609375 0.208984375 0.1904296875
1 0.67138671875 0.58984375 0.078125 0.1015625
1 0.92236328125 0.65576171875 0.1552734375 0.142578125
1 0.50390625 0.705078125 0.06640625 0.0751953125
1 0.74951171875 0.7490234375 0.0908203125 0.068359375
2 0.337890625 0.7607421875 0.2294921875 0.216796875
0 0.09912109375 0.7978515625 0.1982421875 0.1396484375
1 0.5546875 0.82080078125 0.04296875 0.0439453125
1 0.6748046875 0.8251953125 0.0498046875 0.05078125
1 0.83251953125 0.83935546875 0.046875 0.0537109375
1 0.10791015625 0.09326171875 0.080078125 0.0849609375
1 0.90673828125 0.94091796875 0.0859375 0.0908203125
2 0.1552734375 0.94384765625 0.3017578125 0.1123046875
1 0.38330078125 0.9521484375 0.12890625 0.095703125
0 0.51953125 0.09619140625 0.306640625 0.1923828125