1 0.72216796875 0.09765625 0.05078125 0.0537109375
0 0.52294921875 0.13330078125 0.2578125 0.2421875
1 0.193359375 0.17578125 0.0537109375 0.0537109375
2 0.3095703125 0.2001953125 0.1435546875 0.166015625
0 0.052734375 0.2197265625 0.10546875 0.1220703125
1 0.7734375 0.267578125 0.05078125 0.056640625
1 0.8564453125 0.33447265625 0.0849609375 0.1123046875
1 0.94677734375 0.36376953125 0.05078125 0.068359375
0 0.20556640625 0.37841796875 0.3125 0.166015625
0 0.47314453125 0.38818359375 0.1630859375 0.1708984375
1 0.705078125 0.43603515625 0.1142578125 0.1005859375
0 0.1630859375 0.04638671875 0.32421875 0.0927734375
1 0.3203125 0.521484375 0.0537109375 0.056640625
1 0.54736328125 0.55322265625 0.078125 0.076171875
2 0.140625 0.5615234375 0.28125 0.17578125
1 0.9296875 0.5810546875 0.0849609375 0.0732421875
0 0.4365234375 0.5947265625 0.1044921875 0.0615234375
1 0.79638671875 0.62255859375 0.0380859375 0.0439453125
1 0.5048828125 0.66552734375 0.0458984375 0.0615234375
1 0.89306640625 0.67138671875 0.1240234375 0.087890625
1 0.69775390625 0.697265625 0.0654296875 0.046875
0 0.90087890625 0.072265625 0.1982421875 0.14453125
2 0.3828125 0.71923828125 0.177734375 0.1640625
0 0.1689453125 0.72900390625 0.205078125 0.134765625
1 0.962890625 0.7705078125 0.07421875 0.06640625
1 0.82080078125 0.84619140625 0.0478515625 0.056640625
1 0.4169921875 0.8828125 0.0947265625 0.1005859375
2 0.1796875 0.9052734375 0.359375 0.189453125
1 0.71240234375 0.90966796875 0.0556640625 0.056640625
1 0.91259765625 0.93994140625 0.060546875 0.0830078125
1 0.56103515625 0.9736328125 0.060546875 0.052734375