1 0.3515625 0.98046875 0.072265625 0.0390625
1 0.8837890625 0.177734375 0.0615234375 0.056640625
1 0.96240234375 0.26416015625 0.0751953125 0.1455078125
0 0.45849609375 0.34521484375 0.2314453125 0.2333984375
0 0.2158203125 0.34765625 0.171875 0.1904296875
1 0.77783203125 0.408203125 0.1640625 0.138671875
0 0.48681640625 0.046875 0.2177734375 0.09375
1 0.06787109375 0.046875 0.080078125 0.068359375
1 0.9443359375 0.509765625 0.05078125 0.044921875
1 0.2431640625 0.52587890625 0.076171875 0.0751953125
1 0.71240234375 0.56201171875 0.044921875 0.0400390625
1 0.56689453125 0.57080078125 0.1142578125 0.1103515625
2 0.09619140625 0.60888671875 0.1923828125 0.3115234375
1 0.6767578125 0.62353515625 0.0595703125 0.048828125
1 0.912109375 0.67431640625 0.0576171875 0.052734375
1 0.71728515625 0.67578125 0.025390625 0.03125
1 0.9755859375 0.689453125 0.048828125 0.08203125
1 0.50634765625 0.73876953125 0.0634765625 0.0712890625
1 0.77294921875 0.77392578125 0.095703125 0.0478515625
2 0.3369140625 0.78466796875 0.26171875 0.294921875
1 0.6796875 0.791015625 0.0322265625 0.03515625
1 0.560546875 0.84912109375 0.0419921875 0.041015625
1 0.69091796875 0.8603515625 0.0439453125 0.0341796875
1 0.86572265625 0.8759765625 0.0439453125 0.037109375
2 0.2412109375 0.09375 0.24609375 0.1865234375
1 0.9462890625 0.97216796875 0.0810546875 0.0556640625