2 0.17138671875 0.11279296875 0.322265625 0.125
1 0.16552734375 0.01806640625 0.0810546875 0.0361328125
0 0.67431640625 0.26953125 0.6513671875 0.5390625
1 0.15625 0.32421875 0.302734375 0.2734375
1 0.1533203125 0.6201171875 0.158203125 0.2080078125
2 0.86474609375 0.67724609375 0.2705078125 0.244140625
1 0.30517578125 0.7587890625 0.0830078125 0.0966796875
2 0.53759765625 0.7802734375 0.3388671875 0.4365234375
2 0.11083984375 0.875 0.1962890625 0.25
1 0.86572265625 0.9130859375 0.2685546875 0.173828125
0 0.283203125 0.9443359375 0.1142578125 0.099609375