2 0.849609375 0.23681640625 0.30078125 0.21484375
0 0.486328125 0.25537109375 0.39453125 0.408203125
0 0.1103515625 0.29296875 0.220703125 0.3076171875
1 0.96533203125 0.41259765625 0.0693359375 0.1123046875
1 0.119140625 0.5654296875 0.1044921875 0.1103515625
2 0.13720703125 0.0634765625 0.2744140625 0.126953125
1 0.6611328125 0.658203125 0.2021484375 0.203125
0 0.94482421875 0.072265625 0.1103515625 0.0712890625
0 0.4130859375 0.7568359375 0.2685546875 0.1513671875
1 0.8818359375 0.7763671875 0.140625 0.1171875
2 0.13330078125 0.81884765625 0.2666015625 0.36328125
1 0.96484375 0.8779296875 0.0625 0.0615234375
2 0.3837890625 0.923828125 0.205078125 0.1533203125
1 0.5537109375 0.9443359375 0.109375 0.111328125