2 0.27490234375 0.10400390625 0.1181640625 0.2080078125
0 0.1494140625 0.01513671875 0.1064453125 0.0302734375
1 0.96240234375 0.16796875 0.0751953125 0.0732421875
0 0.81396484375 0.25048828125 0.146484375 0.140625
0 0.1669921875 0.3525390625 0.333984375 0.2587890625
0 0.4990234375 0.36328125 0.25390625 0.26171875
1 0.8505859375 0.427734375 0.2197265625 0.1708984375
1 0.263671875 0.55615234375 0.103515625 0.103515625
2 0.91455078125 0.05615234375 0.16015625 0.1123046875
1 0.87158203125 0.59716796875 0.046875 0.068359375
1 0.6044921875 0.60595703125 0.13671875 0.15234375
0 0.42626953125 0.61767578125 0.171875 0.17578125
2 0.09375 0.64794921875 0.1748046875 0.318359375
2 0.2607421875 0.66650390625 0.13671875 0.078125
1 0.73828125 0.67822265625 0.072265625 0.0791015625
1 0.98095703125 0.72998046875 0.0380859375 0.072265625
0 0.58447265625 0.07568359375 0.4521484375 0.1513671875
1 0.11328125 0.07861328125 0.0888671875 0.0771484375
1 0.54052734375 0.7861328125 0.083984375 0.0908203125
1 0.8525390625 0.85302734375 0.125 0.0888671875
2 0.33984375 0.857421875 0.294921875 0.2802734375
0 0.0859375 0.89404296875 0.171875 0.138671875
1 0.6025390625 0.9306640625 0.0595703125 0.0673828125
1 0.751953125 0.94482421875 0.044921875 0.064453125
1 0.96630859375 0.970703125 0.0673828125 0.05859375