1 0.56201171875 0.982421875 0.0537109375 0.0361328125
0 0.52294921875 0.11962890625 0.2822265625 0.2392578125
1 0.177734375 0.1552734375 0.0556640625 0.0517578125
2 0.2958984375 0.1708984375 0.146484375 0.1611328125
0 0.033203125 0.1943359375 0.06640625 0.115234375
1 0.8427734375 0.30419921875 0.150390625 0.14453125
1 0.9716796875 0.35302734375 0.056640625 0.06640625
0 0.19091796875 0.36279296875 0.322265625 0.1982421875
0 0.47314453125 0.3857421875 0.16796875 0.1806640625
0 0.16162109375 0.0390625 0.3232421875 0.078125
1 0.71826171875 0.43359375 0.130859375 0.095703125
1 0.3095703125 0.52001953125 0.060546875 0.05859375
1 0.54638671875 0.55419921875 0.0751953125 0.0830078125
0 0.8994140625 0.05615234375 0.201171875 0.1123046875
2 0.13330078125 0.5615234375 0.2666015625 0.17578125
1 0.95068359375 0.58349609375 0.0986328125 0.068359375
0 0.4365234375 0.59228515625 0.109375 0.0712890625
1 0.63525390625 0.595703125 0.052734375 0.0537109375
1 0.81591796875 0.62890625 0.0380859375 0.0419921875
1 0.5048828125 0.67626953125 0.05078125 0.0634765625
1 0.9052734375 0.6826171875 0.1240234375 0.10546875
1 0.70849609375 0.70703125 0.0771484375 0.0419921875
2 0.37646484375 0.7265625 0.1806640625 0.1689453125
0 0.14599609375 0.7373046875 0.2265625 0.1513671875
1 0.73193359375 0.0771484375 0.060546875 0.0615234375
1 0.5498046875 0.7666015625 0.0341796875 0.0390625
1 0.6416015625 0.76904296875 0.03125 0.029296875
1 0.7783203125 0.78271484375 0.0361328125 0.0322265625
1 0.97265625 0.78271484375 0.0546875 0.076171875
1 0.83935546875 0.86328125 0.05078125 0.0615234375
1 0.40966796875 0.9033203125 0.0947265625 0.09765625
2 0.1748046875 0.91259765625 0.349609375 0.1748046875
1 0.72705078125 0.92919921875 0.05078125 0.056640625
1 0.935546875 0.9541015625 0.0673828125 0.091796875