1 0.5732421875 0.9775390625 0.05078125 0.0458984375
0 0.53173828125 0.12353515625 0.3193359375 0.2470703125
2 0.265625 0.140625 0.1923828125 0.28125
1 0.12158203125 0.166015625 0.0654296875 0.0634765625
2 0.85205078125 0.1845703125 0.2958984375 0.0908203125
1 0.86376953125 0.2724609375 0.0556640625 0.0615234375
1 0.95947265625 0.3662109375 0.0810546875 0.1611328125
0 0.1591796875 0.40673828125 0.318359375 0.2275390625
0 0.46826171875 0.43115234375 0.2216796875 0.2177734375
1 0.24609375 0.60693359375 0.0751953125 0.0810546875
1 0.568359375 0.654296875 0.1240234375 0.1171875
1 0.6953125 0.71923828125 0.0654296875 0.06640625
2 0.09912109375 0.73388671875 0.1982421875 0.408203125
1 0.95166015625 0.7666015625 0.0654296875 0.068359375
1 0.7734375 0.07958984375 0.0654296875 0.06640625
1 0.5107421875 0.8349609375 0.0732421875 0.09765625
2 0.3388671875 0.880859375 0.2509765625 0.23828125
1 0.8125 0.888671875 0.1044921875 0.0634765625