1 0.71728515625 0.09765625 0.060546875 0.0537109375
0 0.5205078125 0.12939453125 0.267578125 0.244140625
1 0.193359375 0.1748046875 0.05859375 0.056640625
2 0.83056640625 0.18701171875 0.3212890625 0.0908203125
0 0.04541015625 0.21484375 0.0908203125 0.107421875
1 0.8271484375 0.3212890625 0.138671875 0.154296875
1 0.94775390625 0.361328125 0.052734375 0.0732421875
0 0.20556640625 0.37255859375 0.3076171875 0.1787109375
0 0.47412109375 0.390625 0.166015625 0.1708984375
1 0.70751953125 0.44580078125 0.119140625 0.076171875
0 0.16015625 0.04638671875 0.3203125 0.0927734375
1 0.31787109375 0.517578125 0.0537109375 0.0537109375
1 0.54248046875 0.54931640625 0.0732421875 0.078125
2 0.140625 0.560546875 0.28125 0.173828125
1 0.935546875 0.576171875 0.091796875 0.0732421875
0 0.44140625 0.5908203125 0.099609375 0.0634765625
1 0.6279296875 0.59326171875 0.0478515625 0.0390625
0 0.90087890625 0.06494140625 0.1982421875 0.1298828125
1 0.50341796875 0.67041015625 0.048828125 0.0615234375
1 0.8916015625 0.6728515625 0.1064453125 0.1005859375
1 0.6953125 0.69970703125 0.0751953125 0.0419921875
2 0.3828125 0.712890625 0.1728515625 0.15625
0 0.16552734375 0.7265625 0.2119140625 0.1396484375
1 0.54638671875 0.7509765625 0.03125 0.0322265625
1 0.955078125 0.77294921875 0.072265625 0.06640625
1 0.822265625 0.84716796875 0.05078125 0.0537109375
1 0.41455078125 0.88525390625 0.099609375 0.095703125
2 0.1787109375 0.90283203125 0.357421875 0.1943359375
1 0.71484375 0.90966796875 0.05078125 0.056640625
1 0.91357421875 0.93896484375 0.0576171875 0.0859375
1 0.56201171875 0.97607421875 0.048828125 0.0478515625