2 0.22265625 0.1201171875 0.205078125 0.240234375
1 0.884765625 0.15771484375 0.0625 0.0546875
1 0.96435546875 0.26025390625 0.0712890625 0.16015625
1 0.07177734375 0.03271484375 0.0791015625 0.0654296875
0 0.4580078125 0.333984375 0.234375 0.2373046875
0 0.224609375 0.35302734375 0.166015625 0.193359375
1 0.77880859375 0.3994140625 0.1767578125 0.1376953125
0 0.4970703125 0.04296875 0.1875 0.0859375
1 0.9423828125 0.49755859375 0.046875 0.044921875
1 0.24853515625 0.51416015625 0.06640625 0.0703125
1 0.5595703125 0.56201171875 0.119140625 0.115234375
1 0.673828125 0.61279296875 0.072265625 0.0537109375
2 0.10498046875 0.61572265625 0.2099609375 0.30859375
1 0.72705078125 0.67431640625 0.0654296875 0.05078125
1 0.9404296875 0.67724609375 0.119140625 0.1005859375
1 0.5087890625 0.71923828125 0.048828125 0.0703125
1 0.767578125 0.7578125 0.1005859375 0.0517578125
1 0.67529296875 0.77392578125 0.0400390625 0.0390625
2 0.35009765625 0.7783203125 0.2529296875 0.3046875
1 0.55810546875 0.8291015625 0.0478515625 0.0400390625
1 0.68408203125 0.8369140625 0.0458984375 0.0400390625
1 0.8525390625 0.85107421875 0.0517578125 0.04296875
1 0.935546875 0.953125 0.0703125 0.0791015625
1 0.3525390625 0.97265625 0.07421875 0.0546875