1 0.05712890625 0.2353515625 0.1142578125 0.1962890625
1 0.95556640625 0.23681640625 0.0888671875 0.11328125
2 0.36767578125 0.31591796875 0.4716796875 0.2861328125
1 0.80419921875 0.04296875 0.0556640625 0.060546875
1 0.69189453125 0.4296875 0.1201171875 0.1298828125
1 0.89990234375 0.48388671875 0.2001953125 0.3310546875
0 0.17626953125 0.05517578125 0.0947265625 0.107421875
1 0.9130859375 0.0654296875 0.109375 0.130859375
2 0.5517578125 0.07470703125 0.34765625 0.1494140625
1 0.244140625 0.74267578125 0.4873046875 0.5146484375
1 0.89208984375 0.8486328125 0.2158203125 0.302734375
2 0.6337890625 0.85107421875 0.26171875 0.216796875