1 0.7158203125 0.10302734375 0.0732421875 0.0693359375
0 0.13818359375 0.0126953125 0.076171875 0.025390625
0 0.5146484375 0.12255859375 0.25390625 0.2451171875
1 0.1982421875 0.18408203125 0.0654296875 0.06640625
2 0.83056640625 0.18896484375 0.2578125 0.076171875
2 0.30908203125 0.193359375 0.1328125 0.1630859375
0 0.76953125 0.0205078125 0.1318359375 0.041015625
0 0.04296875 0.21826171875 0.0859375 0.1201171875
1 0.76708984375 0.2666015625 0.0458984375 0.048828125
1 0.85302734375 0.333984375 0.1025390625 0.1015625
1 0.9462890625 0.34912109375 0.0556640625 0.0615234375
0 0.21484375 0.37744140625 0.2919921875 0.18359375
0 0.47314453125 0.3896484375 0.171875 0.177734375
0 0.0400390625 0.0390625 0.0791015625 0.078125
1 0.86328125 0.42529296875 0.0537109375 0.05078125
1 0.701171875 0.42529296875 0.1435546875 0.119140625
1 0.96826171875 0.046875 0.0634765625 0.0537109375
1 0.82373046875 0.5087890625 0.0361328125 0.0361328125
1 0.3193359375 0.517578125 0.06640625 0.0693359375
2 0.134765625 0.54931640625 0.2685546875 0.13671875
1 0.5478515625 0.556640625 0.0908203125 0.09375
0 0.43017578125 0.56494140625 0.1171875 0.1171875
1 0.642578125 0.57421875 0.0703125 0.0869140625
1 0.880859375 0.6337890625 0.2060546875 0.1806640625
1 0.5048828125 0.6689453125 0.0517578125 0.0595703125
1 0.69384765625 0.69775390625 0.0712890625 0.052734375
2 0.37548828125 0.716796875 0.1875 0.1669921875
0 0.15625 0.71826171875 0.2060546875 0.1708984375
1 0.63427734375 0.75 0.037109375 0.0322265625
1 0.5439453125 0.751953125 0.048828125 0.03515625
1 0.76416015625 0.76806640625 0.0458984375 0.0400390625
1 0.95849609375 0.77294921875 0.0830078125 0.083984375
1 0.81689453125 0.841796875 0.0654296875 0.0712890625
1 0.4091796875 0.87939453125 0.1083984375 0.1142578125
1 0.71142578125 0.90576171875 0.0576171875 0.064453125
2 0.173828125 0.9072265625 0.34765625 0.185546875
1 0.90771484375 0.93798828125 0.0712890625 0.09765625
1 0.55810546875 0.9677734375 0.080078125 0.064453125