2 0.87548828125 0.11962890625 0.2490234375 0.234375
1 0.68115234375 0.18798828125 0.0908203125 0.1103515625
2 0.22119140625 0.26220703125 0.4423828125 0.5244140625
1 0.73974609375 0.31298828125 0.0712890625 0.08203125
1 0.91650390625 0.32958984375 0.0771484375 0.1552734375
1 0.5205078125 0.46435546875 0.12890625 0.107421875
1 0.728515625 0.5068359375 0.1845703125 0.2783203125
1 0.548828125 0.6591796875 0.052734375 0.0517578125
1 0.17529296875 0.771484375 0.3505859375 0.45703125
1 0.72021484375 0.83056640625 0.1923828125 0.296875
1 0.88671875 0.87158203125 0.095703125 0.15234375
1 0.97412109375 0.962890625 0.0517578125 0.07421875
1 0.51416015625 0.9697265625 0.0693359375 0.060546875