1 0.71728515625 0.10009765625 0.0556640625 0.0537109375
0 0.51953125 0.1357421875 0.265625 0.2470703125
1 0.1982421875 0.1806640625 0.048828125 0.05859375
2 0.30712890625 0.1953125 0.138671875 0.15625
1 0.77099609375 0.26611328125 0.0458984375 0.0537109375
1 0.8525390625 0.3310546875 0.091796875 0.0908203125
0 0.18115234375 0.37353515625 0.3564453125 0.17578125
0 0.47314453125 0.390625 0.158203125 0.1611328125
1 0.7001953125 0.43603515625 0.119140625 0.1005859375
1 0.3203125 0.521484375 0.0537109375 0.0517578125
1 0.5439453125 0.5517578125 0.0849609375 0.078125
2 0.14208984375 0.55810546875 0.2841796875 0.1689453125
1 0.92822265625 0.580078125 0.0869140625 0.076171875
1 0.5048828125 0.6689453125 0.0458984375 0.05859375
1 0.890625 0.67626953125 0.1240234375 0.09765625
1 0.69384765625 0.697265625 0.072265625 0.0517578125
2 0.3837890625 0.70947265625 0.17578125 0.173828125
0 0.17041015625 0.72265625 0.2119140625 0.1416015625
0 0.9033203125 0.07470703125 0.193359375 0.1494140625
1 0.96044921875 0.76904296875 0.0791015625 0.068359375
1 0.8173828125 0.8486328125 0.0556640625 0.056640625
1 0.41552734375 0.88134765625 0.09765625 0.09765625
2 0.1787109375 0.90283203125 0.357421875 0.1943359375
1 0.7099609375 0.908203125 0.05078125 0.0537109375
1 0.9111328125 0.93896484375 0.0673828125 0.0859375
1 0.56103515625 0.97265625 0.0556640625 0.0556640625