1 0.9150390625 0.9833984375 0.05078125 0.033203125
0 0.53662109375 0.12939453125 0.3388671875 0.2587890625
2 0.25927734375 0.13671875 0.185546875 0.2734375
1 0.119140625 0.15283203125 0.0654296875 0.0712890625
2 0.859375 0.16845703125 0.28125 0.0927734375
1 0.86376953125 0.2578125 0.060546875 0.0615234375
1 0.95947265625 0.34912109375 0.0810546875 0.1708984375
0 0.16064453125 0.40185546875 0.314453125 0.232421875
0 0.4658203125 0.419921875 0.216796875 0.2197265625
1 0.7890625 0.47998046875 0.1650390625 0.1396484375
0 0.93505859375 0.05615234375 0.1298828125 0.1123046875
1 0.77587890625 0.05859375 0.060546875 0.0634765625
1 0.24609375 0.595703125 0.080078125 0.078125
1 0.568359375 0.64599609375 0.119140625 0.1201171875
0 0.4072265625 0.6591796875 0.16796875 0.1953125
1 0.6865234375 0.69970703125 0.0625 0.06640625
2 0.10205078125 0.7216796875 0.1875 0.3837890625
1 0.94775390625 0.751953125 0.052734375 0.0634765625
1 0.50830078125 0.82421875 0.068359375 0.10546875
1 0.80029296875 0.8681640625 0.1142578125 0.06640625
2 0.33740234375 0.884765625 0.25390625 0.2314453125
1 0.57568359375 0.95947265625 0.041015625 0.0537109375
0 0.0625 0.962890625 0.125 0.0751953125
1 0.7158203125 0.970703125 0.052734375 0.0517578125