1 0.75732421875 0.150390625 0.052734375 0.06640625
0 0.53515625 0.18798828125 0.3115234375 0.234375
2 0.2763671875 0.22216796875 0.17578125 0.1904296875
1 0.14111328125 0.23583984375 0.060546875 0.0615234375
2 0.85205078125 0.2392578125 0.2958984375 0.087890625
1 0.8515625 0.31884765625 0.0556640625 0.0517578125
1 0.953125 0.40771484375 0.09375 0.1416015625
0 0.16015625 0.45166015625 0.3203125 0.244140625
0 0.1201171875 0.0478515625 0.240234375 0.095703125
0 0.46923828125 0.4736328125 0.224609375 0.224609375
1 0.78662109375 0.53466796875 0.1748046875 0.13671875
1 0.23974609375 0.6591796875 0.0830078125 0.0830078125
1 0.57568359375 0.70947265625 0.1142578125 0.1298828125
2 0.091796875 0.79296875 0.18359375 0.4140625
1 0.97509765625 0.82275390625 0.0498046875 0.068359375
1 0.51220703125 0.90576171875 0.080078125 0.1025390625
2 0.3291015625 0.90673828125 0.2607421875 0.1875
1 0.83447265625 0.96142578125 0.119140625 0.0771484375