1 0.56494140625 0.9833984375 0.06640625 0.033203125
0 0.513671875 0.1181640625 0.2841796875 0.236328125
2 0.2880859375 0.14306640625 0.1259765625 0.1796875
1 0.1669921875 0.1513671875 0.0751953125 0.0791015625
2 0.87158203125 0.1669921875 0.2568359375 0.0791015625
0 0.02490234375 0.1865234375 0.0498046875 0.0986328125
1 0.7978515625 0.24951171875 0.0498046875 0.0546875
1 0.91455078125 0.34765625 0.1708984375 0.1865234375
0 0.1826171875 0.35888671875 0.35546875 0.216796875
0 0.470703125 0.3828125 0.185546875 0.19140625
1 0.71630859375 0.4228515625 0.138671875 0.1337890625
1 0.84814453125 0.51123046875 0.0439453125 0.046875
1 0.30517578125 0.52685546875 0.0732421875 0.087890625
1 0.5478515625 0.552734375 0.099609375 0.1044921875
2 0.12646484375 0.5625 0.2431640625 0.1630859375
0 0.41796875 0.5634765625 0.1318359375 0.1298828125
1 0.6552734375 0.58056640625 0.08203125 0.0859375
1 0.89599609375 0.6416015625 0.2080078125 0.1923828125
1 0.50634765625 0.67919921875 0.07421875 0.064453125
1 0.73193359375 0.06884765625 0.091796875 0.0751953125
1 0.71142578125 0.708984375 0.0888671875 0.0556640625
2 0.3603515625 0.72509765625 0.19140625 0.1689453125
0 0.13671875 0.74267578125 0.2138671875 0.15625
1 0.552734375 0.77099609375 0.0439453125 0.0537109375
1 0.64404296875 0.77490234375 0.0419921875 0.0478515625
1 0.97509765625 0.7861328125 0.0498046875 0.0751953125
1 0.7802734375 0.78662109375 0.0478515625 0.052734375
1 0.84423828125 0.8720703125 0.072265625 0.0791015625
1 0.39892578125 0.912109375 0.1171875 0.1201171875
2 0.162109375 0.9189453125 0.3193359375 0.162109375
1 0.72802734375 0.93505859375 0.0712890625 0.072265625
1 0.93701171875 0.953125 0.083984375 0.09375