1 0.5732421875 0.9794921875 0.0703125 0.041015625
0 0.48876953125 0.1044921875 0.2568359375 0.208984375
1 0.16845703125 0.15380859375 0.0791015625 0.0849609375
2 0.2841796875 0.16064453125 0.1171875 0.2275390625
1 0.7890625 0.2490234375 0.056640625 0.0478515625
1 0.87939453125 0.326171875 0.1044921875 0.1181640625
1 0.97216796875 0.353515625 0.0556640625 0.0849609375
0 0.46923828125 0.3740234375 0.1708984375 0.1845703125
0 0.27587890625 0.38427734375 0.1708984375 0.173828125
1 0.900390625 0.4267578125 0.076171875 0.0517578125
1 0.71728515625 0.43310546875 0.1435546875 0.107421875
2 0.0908203125 0.50439453125 0.181640625 0.265625
1 0.84765625 0.50830078125 0.033203125 0.0478515625
1 0.31005859375 0.51953125 0.0673828125 0.0693359375
1 0.66259765625 0.54736328125 0.0380859375 0.0322265625
1 0.54443359375 0.55859375 0.1064453125 0.1005859375
1 0.95751953125 0.572265625 0.0849609375 0.0732421875
1 0.63720703125 0.59912109375 0.0576171875 0.041015625
1 0.81884765625 0.630859375 0.0576171875 0.0654296875
2 0.30859375 0.66796875 0.216796875 0.1904296875
1 0.92822265625 0.68115234375 0.1318359375 0.115234375
1 0.5087890625 0.6826171875 0.0546875 0.0712890625
1 0.728515625 0.068359375 0.072265625 0.078125
1 0.71337890625 0.7080078125 0.0810546875 0.0517578125
1 0.54736328125 0.76611328125 0.0380859375 0.03515625
1 0.6484375 0.7705078125 0.044921875 0.0361328125
1 0.7841796875 0.783203125 0.03515625 0.0380859375
1 0.97119140625 0.78369140625 0.0576171875 0.0751953125
1 0.84521484375 0.86474609375 0.0791015625 0.0625
2 0.16796875 0.896484375 0.3359375 0.20703125
1 0.4072265625 0.9033203125 0.11328125 0.1103515625
1 0.7265625 0.93408203125 0.072265625 0.0703125
1 0.94384765625 0.9521484375 0.0849609375 0.095703125