2 0.21484375 0.2099609375 0.4296875 0.419921875
1 0.779296875 0.2578125 0.1162109375 0.1591796875
1 0.5244140625 0.3955078125 0.1533203125 0.3662109375
1 0.6904296875 0.43115234375 0.1142578125 0.1591796875
1 0.34375 0.49560546875 0.109375 0.1171875
1 0.8173828125 0.5224609375 0.1044921875 0.341796875
2 0.10400390625 0.53955078125 0.2080078125 0.2099609375
1 0.56689453125 0.07958984375 0.2236328125 0.1591796875
1 0.76220703125 0.07958984375 0.0869140625 0.1591796875
0 0.06884765625 0.82861328125 0.1376953125 0.34375
2 0.2900390625 0.8310546875 0.2705078125 0.3388671875
1 0.52783203125 0.83203125 0.1806640625 0.3359375
1 0.759765625 0.88720703125 0.2431640625 0.2265625