0 0.5302734375 0.1162109375 0.3359375 0.232421875
2 0.2568359375 0.12109375 0.1806640625 0.2421875
1 0.10546875 0.12939453125 0.078125 0.068359375
1 0.8720703125 0.23681640625 0.052734375 0.0634765625
1 0.962890625 0.3359375 0.07421875 0.1640625
1 0.779296875 0.03564453125 0.072265625 0.0712890625
0 0.1591796875 0.38232421875 0.318359375 0.251953125
0 0.4658203125 0.3994140625 0.2314453125 0.232421875
0 0.9384765625 0.04296875 0.123046875 0.0859375
1 0.7841796875 0.46142578125 0.169921875 0.13671875
1 0.2470703125 0.57861328125 0.0732421875 0.078125
1 0.5634765625 0.6298828125 0.1142578125 0.1123046875
0 0.4072265625 0.64208984375 0.16796875 0.2001953125
2 0.1005859375 0.6875 0.201171875 0.3349609375
1 0.6904296875 0.68994140625 0.0703125 0.0615234375
1 0.9404296875 0.72998046875 0.0673828125 0.0634765625
1 0.50732421875 0.80224609375 0.0703125 0.0908203125
1 0.79638671875 0.8447265625 0.1015625 0.0732421875
2 0.3388671875 0.87744140625 0.24609375 0.24609375
1 0.56689453125 0.93408203125 0.05859375 0.0517578125
0 0.07373046875 0.9345703125 0.146484375 0.130859375
1 0.71240234375 0.9375 0.041015625 0.0439453125
1 0.9013671875 0.95849609375 0.0478515625 0.0419921875