1 0.7294921875 0.1689453125 0.0712890625 0.0556640625
0 0.47216796875 0.1806640625 0.2236328125 0.1923828125
2 0.27001953125 0.22802734375 0.166015625 0.228515625
1 0.119140625 0.2373046875 0.0771484375 0.076171875
2 0.8896484375 0.2421875 0.220703125 0.0966796875
0 0.591796875 0.02734375 0.1279296875 0.0546875
1 0.81982421875 0.33447265625 0.056640625 0.0625
1 0.93798828125 0.412109375 0.123046875 0.1396484375
0 0.11865234375 0.0478515625 0.2275390625 0.095703125
0 0.15283203125 0.47314453125 0.2998046875 0.23828125
0 0.45361328125 0.4873046875 0.2265625 0.2197265625
1 0.97607421875 0.52978515625 0.0478515625 0.0625
1 0.7666015625 0.533203125 0.171875 0.1630859375
1 0.7568359375 0.0556640625 0.1884765625 0.111328125
1 0.94921875 0.63916015625 0.0537109375 0.05078125
2 0.0849609375 0.6689453125 0.1572265625 0.1220703125
1 0.22314453125 0.67529296875 0.09375 0.107421875
1 0.80908203125 0.6923828125 0.046875 0.0595703125
1 0.55224609375 0.712890625 0.1416015625 0.1474609375
0 0.3818359375 0.73486328125 0.1728515625 0.20703125
1 0.69384765625 0.75390625 0.10546875 0.1435546875
1 0.95458984375 0.82666015625 0.0712890625 0.0849609375
2 0.138671875 0.873046875 0.27734375 0.25390625
1 0.49462890625 0.927734375 0.09375 0.1083984375
2 0.361328125 0.92822265625 0.1416015625 0.1435546875
1 0.826171875 0.9658203125 0.1435546875 0.068359375