2 0.2421875 0.10498046875 0.1396484375 0.2099609375
1 0.96337890625 0.16552734375 0.0732421875 0.087890625
0 0.822265625 0.2509765625 0.154296875 0.1298828125
0 0.17138671875 0.35205078125 0.337890625 0.26171875
0 0.5009765625 0.361328125 0.25 0.2568359375
1 0.85791015625 0.42138671875 0.2109375 0.173828125
2 0.90087890625 0.05419921875 0.1982421875 0.1083984375
1 0.271484375 0.5576171875 0.115234375 0.1142578125
1 0.87353515625 0.59130859375 0.0546875 0.068359375
1 0.60595703125 0.6103515625 0.1435546875 0.1455078125
0 0.4306640625 0.62841796875 0.171875 0.197265625
1 0.7587890625 0.64794921875 0.109375 0.126953125
2 0.1015625 0.65478515625 0.193359375 0.3134765625
2 0.26953125 0.68603515625 0.123046875 0.1103515625
1 0.111328125 0.072265625 0.0986328125 0.0927734375
1 0.98681640625 0.74072265625 0.0263671875 0.06640625
0 0.55810546875 0.0791015625 0.451171875 0.158203125
1 0.54541015625 0.78759765625 0.0771484375 0.0947265625
1 0.85791015625 0.85498046875 0.1240234375 0.091796875
2 0.35302734375 0.87451171875 0.287109375 0.2509765625
0 0.087890625 0.90283203125 0.173828125 0.1484375
1 0.60595703125 0.92724609375 0.0625 0.052734375
1 0.75927734375 0.94970703125 0.064453125 0.05859375
1 0.96337890625 0.9697265625 0.0732421875 0.060546875