0 0.5341796875 0.126953125 0.34375 0.25390625
2 0.26416015625 0.1708984375 0.17578125 0.21484375
1 0.125 0.17333984375 0.0732421875 0.05859375
2 0.8603515625 0.185546875 0.279296875 0.1025390625
1 0.85888671875 0.27734375 0.060546875 0.056640625
1 0.9580078125 0.365234375 0.083984375 0.154296875
0 0.16015625 0.41015625 0.3203125 0.2392578125
0 0.46826171875 0.43603515625 0.216796875 0.2177734375
1 0.24609375 0.6142578125 0.0849609375 0.0859375
1 0.56689453125 0.658203125 0.1123046875 0.125
2 0.09814453125 0.74609375 0.185546875 0.4130859375
1 0.50830078125 0.84375 0.0732421875 0.0908203125
1 0.76953125 0.08544921875 0.0673828125 0.05859375
2 0.333984375 0.880859375 0.255859375 0.23828125
1 0.8125 0.8984375 0.119140625 0.068359375