1 0.72314453125 0.98095703125 0.04296875 0.0380859375
0 0.52685546875 0.12353515625 0.333984375 0.2470703125
1 0.11669921875 0.15869140625 0.0654296875 0.0634765625
2 0.8544921875 0.166015625 0.291015625 0.1123046875
2 0.25830078125 0.20166015625 0.1826171875 0.1494140625
1 0.8623046875 0.2626953125 0.0625 0.056640625
1 0.9580078125 0.35791015625 0.083984375 0.1591796875
0 0.15771484375 0.4052734375 0.3154296875 0.234375
0 0.46826171875 0.4248046875 0.2216796875 0.224609375
1 0.78564453125 0.48486328125 0.1630859375 0.134765625
2 0.1748046875 0.0576171875 0.349609375 0.115234375
1 0.2509765625 0.599609375 0.0751953125 0.0859375
1 0.5693359375 0.65087890625 0.1123046875 0.1201171875
1 0.7734375 0.068359375 0.0654296875 0.05859375
2 0.1015625 0.7373046875 0.203125 0.4052734375
1 0.50732421875 0.83154296875 0.0859375 0.10546875
2 0.3349609375 0.880859375 0.2392578125 0.23828125
1 0.80517578125 0.8837890625 0.1044921875 0.0732421875
1 0.57568359375 0.970703125 0.0458984375 0.046875
0 0.0419921875 0.97607421875 0.083984375 0.0478515625