0 0.92626953125 0.15771484375 0.1474609375 0.095703125
0 0.13330078125 0.27587890625 0.2666015625 0.3466796875
0 0.4951171875 0.2978515625 0.333984375 0.3369140625
1 0.90869140625 0.43359375 0.1015625 0.1005859375
2 0.5 0.0439453125 1 0.087890625
1 0.1826171875 0.560546875 0.0947265625 0.1005859375
1 0.6376953125 0.63623046875 0.1650390625 0.1689453125
0 0.4228515625 0.716796875 0.234375 0.125
1 0.82958984375 0.7314453125 0.099609375 0.1005859375
2 0.06005859375 0.73193359375 0.1201171875 0.5361328125
1 0.5537109375 0.88525390625 0.099609375 0.1201171875
2 0.31201171875 0.8955078125 0.3583984375 0.208984375
1 0.9443359375 0.9677734375 0.0751953125 0.0654296875