0 0.49609375 0.10693359375 0.2099609375 0.2138671875
1 0.18701171875 0.1669921875 0.0751953125 0.0908203125
2 0.3076171875 0.1767578125 0.12109375 0.181640625
2 0.85498046875 0.18017578125 0.2900390625 0.078125
0 0.04736328125 0.22119140625 0.0888671875 0.1484375
1 0.779296875 0.26025390625 0.0498046875 0.0546875
1 0.900390625 0.33837890625 0.1787109375 0.126953125
1 0.97509765625 0.0361328125 0.0498046875 0.0595703125
0 0.240234375 0.37744140625 0.240234375 0.18359375
0 0.4755859375 0.3837890625 0.17578125 0.189453125
0 0.0205078125 0.04052734375 0.0400390625 0.0810546875
1 0.71044921875 0.43017578125 0.1376953125 0.12109375
1 0.83203125 0.5068359375 0.041015625 0.0400390625
1 0.31494140625 0.521484375 0.0693359375 0.0703125
1 0.54736328125 0.5556640625 0.09765625 0.0986328125
2 0.138671875 0.556640625 0.2568359375 0.1474609375
0 0.42529296875 0.5693359375 0.111328125 0.115234375
1 0.64599609375 0.572265625 0.076171875 0.1005859375
1 0.88818359375 0.63330078125 0.2158203125 0.1875
1 0.50537109375 0.67041015625 0.060546875 0.06640625
1 0.70361328125 0.7021484375 0.09765625 0.0556640625
2 0.36962890625 0.71435546875 0.17578125 0.1474609375
0 0.15185546875 0.728515625 0.2080078125 0.1474609375
1 0.54345703125 0.75537109375 0.04296875 0.037109375
1 0.638671875 0.76318359375 0.037109375 0.041015625
1 0.77099609375 0.77294921875 0.0478515625 0.0419921875
1 0.96337890625 0.7763671875 0.0732421875 0.0673828125
1 0.82373046875 0.8505859375 0.080078125 0.0869140625
1 0.720703125 0.087890625 0.0732421875 0.0771484375
1 0.4091796875 0.8896484375 0.12109375 0.1025390625
2 0.16845703125 0.91064453125 0.328125 0.1787109375
1 0.71435546875 0.91259765625 0.076171875 0.0791015625
1 0.91943359375 0.9462890625 0.087890625 0.107421875
1 0.5634765625 0.97509765625 0.078125 0.046875