0 0.92529296875 0.09765625 0.1494140625 0.1953125
0 0.490234375 0.2783203125 0.36328125 0.37109375
0 0.12353515625 0.29931640625 0.2470703125 0.3056640625
1 0.939453125 0.4248046875 0.1142578125 0.1123046875
1 0.158203125 0.56298828125 0.109375 0.10546875
1 0.64990234375 0.64599609375 0.1953125 0.193359375
2 0.14794921875 0.06591796875 0.2958984375 0.1318359375
0 0.41943359375 0.73193359375 0.2314453125 0.1328125
1 0.85009765625 0.74853515625 0.1064453125 0.10546875
2 0.1455078125 0.81396484375 0.291015625 0.373046875
1 0.919921875 0.83984375 0.060546875 0.05859375
2 0.40234375 0.90673828125 0.1875 0.1875
1 0.56103515625 0.912109375 0.1044921875 0.1298828125