2 0.56884765625 0.15673828125 0.8544921875 0.0712890625
1 0.072265625 0.17041015625 0.1015625 0.0751953125
2 0.12646484375 0.2666015625 0.236328125 0.0771484375
1 0.263671875 0.0322265625 0.0478515625 0.0517578125
2 0.908203125 0.4189453125 0.1806640625 0.41015625
0 0.7822265625 0.0458984375 0.15625 0.0869140625
0 0.52978515625 0.45556640625 0.54296875 0.474609375
0 0.1083984375 0.48583984375 0.216796875 0.3232421875
0 0.11083984375 0.05029296875 0.2216796875 0.1005859375
2 0.93994140625 0.0537109375 0.1201171875 0.1025390625
0 0.52880859375 0.05419921875 0.3291015625 0.1083984375
1 0.9677734375 0.71484375 0.064453125 0.125
2 0.828125 0.79345703125 0.1728515625 0.1552734375
2 0.365234375 0.85986328125 0.7060546875 0.2802734375
1 0.87451171875 0.9453125 0.2509765625 0.109375