1 0.87451171875 0.208984375 0.0615234375 0.056640625
1 0.96240234375 0.2939453125 0.0751953125 0.1455078125
0 0.45361328125 0.37646484375 0.2314453125 0.2333984375
0 0.20947265625 0.37890625 0.1845703125 0.1904296875
1 0.78564453125 0.43798828125 0.1640625 0.138671875
1 0.95361328125 0.533203125 0.05078125 0.044921875
1 0.244140625 0.5556640625 0.078125 0.083984375
1 0.71826171875 0.59619140625 0.044921875 0.0400390625
1 0.56298828125 0.6044921875 0.115234375 0.1142578125
0 0.49169921875 0.06396484375 0.2177734375 0.1279296875
1 0.6796875 0.65625 0.0595703125 0.048828125
2 0.09619140625 0.6572265625 0.1923828125 0.3115234375
1 0.72705078125 0.6962890625 0.025390625 0.03125
1 0.9228515625 0.7041015625 0.0576171875 0.052734375
1 0.9794921875 0.7451171875 0.041015625 0.0712890625
1 0.50634765625 0.77001953125 0.0634765625 0.0712890625
2 0.3369140625 0.78466796875 0.26171875 0.294921875
1 0.78076171875 0.81298828125 0.095703125 0.0478515625
1 0.68603515625 0.82861328125 0.0322265625 0.03515625
1 0.5634765625 0.89111328125 0.0419921875 0.041015625
1 0.6953125 0.89794921875 0.0439453125 0.0341796875
1 0.8798828125 0.9169921875 0.0439453125 0.037109375
1 0.0869140625 0.091796875 0.080078125 0.068359375
2 0.2490234375 0.09375 0.23046875 0.1865234375