1 0.7001953125 0.1396484375 0.384765625 0.279296875
2 0.4189453125 0.15380859375 0.1259765625 0.3076171875
1 0.173828125 0.15673828125 0.345703125 0.3134765625
1 0.93896484375 0.35693359375 0.1220703125 0.1357421875
1 0.630859375 0.39306640625 0.0703125 0.078125
2 0.21728515625 0.44287109375 0.4287109375 0.244140625
1 0.67724609375 0.4921875 0.0615234375 0.0712890625
1 0.82470703125 0.52294921875 0.0849609375 0.138671875
1 0.5166015625 0.60302734375 0.095703125 0.126953125
1 0.69580078125 0.671875 0.1279296875 0.26171875
1 0.1904296875 0.79931640625 0.375 0.4013671875
2 0.50830078125 0.853515625 0.2255859375 0.29296875
1 0.7509765625 0.9384765625 0.13671875 0.1201171875