2 0.12939453125 0.109375 0.1533203125 0.21875
2 0.90380859375 0.32861328125 0.1923828125 0.4248046875
0 0.509765625 0.37353515625 0.5576171875 0.50390625
0 0.09375 0.4072265625 0.1875 0.3330078125
2 0.61376953125 0.04833984375 0.7724609375 0.0966796875
1 0.0224609375 0.04931640625 0.044921875 0.0517578125
1 0.94384765625 0.64111328125 0.1123046875 0.1376953125
2 0.75244140625 0.71875 0.22265625 0.154296875
2 0.10009765625 0.728515625 0.1865234375 0.2724609375
2 0.41259765625 0.8203125 0.408203125 0.359375
1 0.81591796875 0.91162109375 0.3681640625 0.1767578125
1 0.13818359375 0.94482421875 0.091796875 0.10546875