2 0.275390625 0.11181640625 0.1357421875 0.2236328125
0 0.1298828125 0.01806640625 0.1142578125 0.033203125
1 0.94775390625 0.18212890625 0.068359375 0.0703125
0 0.1689453125 0.36181640625 0.3330078125 0.2578125
0 0.49072265625 0.3720703125 0.2490234375 0.2509765625
1 0.8359375 0.4296875 0.205078125 0.19140625
1 0.25927734375 0.56787109375 0.1025390625 0.115234375
0 0.39892578125 0.5849609375 0.1044921875 0.0751953125
1 0.85986328125 0.59716796875 0.0546875 0.068359375
1 0.59912109375 0.6142578125 0.134765625 0.1376953125
1 0.9365234375 0.63623046875 0.05078125 0.056640625
1 0.74169921875 0.65576171875 0.099609375 0.130859375
2 0.90966796875 0.06640625 0.1806640625 0.1328125
2 0.1025390625 0.66845703125 0.1884765625 0.30859375
0 0.4365234375 0.67724609375 0.16015625 0.087890625
1 0.97705078125 0.73974609375 0.0458984375 0.1025390625
1 0.53662109375 0.7900390625 0.087890625 0.0986328125
1 0.8408203125 0.85595703125 0.1298828125 0.0830078125
0 0.58251953125 0.0859375 0.4404296875 0.171875
2 0.3408203125 0.86474609375 0.26171875 0.2705078125
1 0.111328125 0.091796875 0.0927734375 0.0830078125
0 0.08251953125 0.90966796875 0.1650390625 0.1162109375
1 0.62255859375 0.92822265625 0.0947265625 0.072265625
1 0.74658203125 0.94970703125 0.046875 0.05859375
1 0.95849609375 0.96875 0.0791015625 0.0625