1 0.8935546875 0.99169921875 0.07421875 0.0166015625
1 0.0302734375 0.10986328125 0.0546875 0.068359375
2 0.5830078125 0.18994140625 0.8173828125 0.0634765625
1 0.083984375 0.19873046875 0.1064453125 0.0810546875
2 0.12158203125 0.28955078125 0.2431640625 0.078125
2 0.91259765625 0.4609375 0.1748046875 0.4638671875
0 0.53369140625 0.47998046875 0.541015625 0.4755859375
0 0.10888671875 0.49853515625 0.21484375 0.3134765625
0 0.77490234375 0.05859375 0.1494140625 0.1171875
0 0.15673828125 0.0595703125 0.1884765625 0.1123046875
2 0.93212890625 0.06884765625 0.1357421875 0.1376953125
0 0.53466796875 0.0712890625 0.310546875 0.142578125
1 0.2890625 0.07568359375 0.0498046875 0.033203125
1 0.98583984375 0.763671875 0.0283203125 0.095703125
2 0.47705078125 0.85693359375 0.9443359375 0.2275390625