1 0.84033203125 0.10693359375 0.0732421875 0.076171875
0 0.21875 0.18408203125 0.4375 0.3681640625
2 0.56005859375 0.23193359375 0.1923828125 0.4638671875
1 0.92578125 0.27685546875 0.126953125 0.1728515625
1 0.97021484375 0.4384765625 0.0595703125 0.0869140625
1 0.79150390625 0.466796875 0.2060546875 0.1748046875
2 0.2265625 0.52587890625 0.451171875 0.30078125
1 0.5400390625 0.54541015625 0.15234375 0.1298828125
1 0.9609375 0.59619140625 0.060546875 0.06640625
1 0.5009765625 0.64599609375 0.05859375 0.056640625
1 0.73828125 0.71826171875 0.095703125 0.197265625
1 0.6435546875 0.74560546875 0.05078125 0.064453125
1 0.34912109375 0.8447265625 0.4619140625 0.310546875
1 0.6845703125 0.9365234375 0.17578125 0.126953125