1 0.716796875 0.1083984375 0.0625 0.0673828125
0 0.48681640625 0.11865234375 0.2158203125 0.2099609375
1 0.201171875 0.1796875 0.083984375 0.083984375
0 0.060546875 0.22998046875 0.1123046875 0.134765625
1 0.7666015625 0.26953125 0.05078125 0.0576171875
1 0.84765625 0.33544921875 0.09765625 0.107421875
1 0.9453125 0.361328125 0.0634765625 0.0810546875
0 0.478515625 0.390625 0.1669921875 0.19140625
0 0.29833984375 0.39990234375 0.162109375 0.1396484375
1 0.70166015625 0.43359375 0.15625 0.1279296875
2 0.107421875 0.5087890625 0.1845703125 0.2236328125
1 0.32470703125 0.5244140625 0.0751953125 0.060546875
1 0.54443359375 0.55126953125 0.103515625 0.111328125
1 0.6337890625 0.59033203125 0.0537109375 0.0615234375
0 0.16845703125 0.06005859375 0.3369140625 0.115234375
1 0.8759765625 0.6259765625 0.232421875 0.1748046875
1 0.494140625 0.66748046875 0.0791015625 0.072265625
1 0.6953125 0.6962890625 0.07421875 0.0673828125
2 0.37255859375 0.701171875 0.1318359375 0.1484375
0 0.1787109375 0.7294921875 0.2236328125 0.1259765625
1 0.9609375 0.775390625 0.0732421875 0.0693359375
0 0.896484375 0.08154296875 0.2060546875 0.1630859375
1 0.81689453125 0.83984375 0.0869140625 0.0810546875
1 0.4150390625 0.88525390625 0.1064453125 0.0947265625
2 0.17578125 0.90087890625 0.3447265625 0.1953125
1 0.7099609375 0.90283203125 0.076171875 0.048828125
1 0.90869140625 0.9306640625 0.09765625 0.095703125
1 0.5615234375 0.97265625 0.060546875 0.0546875
1 0.666015625 0.9765625 0.060546875 0.046875