0 0.48876953125 0.26611328125 0.384765625 0.400390625
0 0.115234375 0.296875 0.23046875 0.291015625
1 0.9521484375 0.41748046875 0.095703125 0.107421875
1 0.1337890625 0.5654296875 0.1044921875 0.1103515625
1 0.65869140625 0.65185546875 0.1923828125 0.1904296875
0 0.93603515625 0.06591796875 0.1279296875 0.126953125
2 0.14208984375 0.06982421875 0.2841796875 0.1396484375
0 0.4169921875 0.74609375 0.2705078125 0.1396484375
1 0.87451171875 0.75830078125 0.140625 0.1103515625
2 0.134765625 0.81640625 0.26953125 0.3681640625
2 0.388671875 0.9150390625 0.205078125 0.169921875
1 0.55615234375 0.939453125 0.1044921875 0.12109375