1 0.1435546875 0.13525390625 0.0966796875 0.0791015625
0 0.56982421875 0.01708984375 0.224609375 0.0341796875
0 0.17041015625 0.01953125 0.1396484375 0.0390625
2 0.123046875 0.2509765625 0.24609375 0.1044921875
0 0.59814453125 0.39697265625 0.57421875 0.4755859375
1 0.10888671875 0.4619140625 0.2177734375 0.2431640625
1 0.04541015625 0.05078125 0.0908203125 0.1015625
2 0.859375 0.06298828125 0.28125 0.125
2 0.345703125 0.06884765625 0.177734375 0.134765625
1 0.03515625 0.73876953125 0.0703125 0.1826171875
2 0.90478515625 0.77978515625 0.1904296875 0.244140625
2 0.44091796875 0.82763671875 0.6728515625 0.326171875
1 0.9091796875 0.9560546875 0.181640625 0.087890625