2 0.85546875 0.21875 0.2890625 0.2421875
0 0.48388671875 0.25146484375 0.3994140625 0.4150390625
0 0.10791015625 0.2880859375 0.2158203125 0.3125
1 0.9677734375 0.40673828125 0.064453125 0.10546875
0 0.94482421875 0.05517578125 0.1103515625 0.056640625
1 0.1201171875 0.5712890625 0.1025390625 0.1171875
2 0.1357421875 0.06005859375 0.271484375 0.1201171875
1 0.666015625 0.66162109375 0.1923828125 0.1953125
0 0.4130859375 0.75927734375 0.283203125 0.146484375
1 0.890625 0.7763671875 0.1337890625 0.1171875
2 0.130859375 0.8212890625 0.26171875 0.3583984375
2 0.38134765625 0.92236328125 0.21484375 0.1552734375
1 0.55615234375 0.94580078125 0.109375 0.109375