1 0.71728515625 0.10693359375 0.05078125 0.0537109375
0 0.4921875 0.11279296875 0.2255859375 0.1982421875
2 0.30078125 0.1826171875 0.126953125 0.2548828125
1 0.1982421875 0.18310546875 0.056640625 0.0576171875
1 0.77490234375 0.26806640625 0.0419921875 0.033203125
1 0.84716796875 0.33251953125 0.095703125 0.08984375
1 0.93994140625 0.36083984375 0.0615234375 0.064453125
0 0.26025390625 0.39111328125 0.205078125 0.14453125
0 0.4736328125 0.392578125 0.166015625 0.1611328125
1 0.86083984375 0.42724609375 0.0439453125 0.037109375
1 0.701171875 0.43896484375 0.123046875 0.1083984375
1 0.81298828125 0.50830078125 0.0341796875 0.0283203125
1 0.32177734375 0.52099609375 0.056640625 0.0537109375
1 0.5439453125 0.55322265625 0.08203125 0.0771484375
2 0.140625 0.56396484375 0.2783203125 0.18359375
1 0.927734375 0.5732421875 0.087890625 0.0556640625
1 0.62353515625 0.5908203125 0.0498046875 0.0439453125
1 0.79150390625 0.62255859375 0.0419921875 0.041015625
1 0.88330078125 0.66259765625 0.1123046875 0.1015625
1 0.50390625 0.6650390625 0.0458984375 0.052734375
1 0.69677734375 0.69287109375 0.072265625 0.0419921875
1 0.5439453125 0.74365234375 0.03515625 0.029296875
1 0.6337890625 0.751953125 0.0419921875 0.029296875
1 0.759765625 0.76318359375 0.03125 0.0263671875
1 0.953125 0.76611328125 0.078125 0.0703125
1 0.81884765625 0.83935546875 0.0634765625 0.060546875
1 0.4150390625 0.8740234375 0.095703125 0.09375
2 0.17578125 0.896484375 0.3515625 0.20703125
1 0.708984375 0.89697265625 0.0546875 0.0478515625
1 0.90185546875 0.93115234375 0.072265625 0.08203125
1 0.56103515625 0.966796875 0.0634765625 0.0576171875
1 0.66650390625 0.9765625 0.0576171875 0.0458984375