1 0.5634765625 0.9833984375 0.0654296875 0.033203125
0 0.51953125 0.11962890625 0.28515625 0.2392578125
1 0.1826171875 0.16015625 0.060546875 0.0712890625
2 0.29736328125 0.18701171875 0.1337890625 0.125
0 0.03564453125 0.20654296875 0.0712890625 0.0908203125
1 0.8466796875 0.29541015625 0.1630859375 0.1513671875
1 0.9716796875 0.3505859375 0.056640625 0.0908203125
0 0.19482421875 0.361328125 0.3193359375 0.1953125
0 0.470703125 0.3798828125 0.177734375 0.173828125
1 0.71240234375 0.42724609375 0.1337890625 0.107421875
1 0.837890625 0.51416015625 0.04296875 0.046875
1 0.310546875 0.5224609375 0.05859375 0.0537109375
1 0.544921875 0.55322265625 0.0830078125 0.095703125
0 0.236328125 0.05615234375 0.1630859375 0.1123046875
2 0.1357421875 0.56298828125 0.271484375 0.18359375
1 0.95556640625 0.58251953125 0.0888671875 0.0810546875
1 0.6376953125 0.59326171875 0.052734375 0.0537109375
0 0.42919921875 0.59814453125 0.109375 0.0732421875
1 0.8134765625 0.625 0.04296875 0.0439453125
0 0.90380859375 0.0634765625 0.189453125 0.126953125
1 0.50732421875 0.67626953125 0.05078125 0.0634765625
1 0.9052734375 0.6826171875 0.119140625 0.1005859375
1 0.7060546875 0.70458984375 0.072265625 0.0517578125
2 0.37890625 0.7275390625 0.185546875 0.15625
1 0.73193359375 0.0732421875 0.060546875 0.05859375
0 0.1484375 0.73876953125 0.197265625 0.134765625
1 0.54736328125 0.765625 0.048828125 0.046875
1 0.9716796875 0.7900390625 0.056640625 0.0712890625
1 0.837890625 0.86572265625 0.0576171875 0.0615234375
1 0.41552734375 0.90478515625 0.1025390625 0.1005859375
2 0.17724609375 0.9091796875 0.3544921875 0.1826171875
1 0.72314453125 0.92529296875 0.0576171875 0.0537109375
1 0.93310546875 0.9580078125 0.0576171875 0.0849609375