0 0.89208984375 0.20166015625 0.2158203125 0.1591796875
1 0.07177734375 0.029296875 0.087890625 0.05859375
0 0.15673828125 0.31982421875 0.3134765625 0.283203125
0 0.49755859375 0.33837890625 0.2705078125 0.2763671875
1 0.8984375 0.4140625 0.203125 0.173828125
0 0.61474609375 0.052734375 0.3779296875 0.10546875
2 0.908203125 0.05517578125 0.18359375 0.1103515625
1 0.2421875 0.55419921875 0.0830078125 0.087890625
1 0.6220703125 0.615234375 0.138671875 0.13671875
2 0.095703125 0.67529296875 0.19140625 0.3984375
0 0.4423828125 0.68505859375 0.1953125 0.1103515625
1 0.76953125 0.693359375 0.08203125 0.0830078125
1 0.55224609375 0.82177734375 0.078125 0.1005859375
2 0.271484375 0.0830078125 0.283203125 0.166015625
2 0.3544921875 0.8759765625 0.2978515625 0.248046875
1 0.9052734375 0.8935546875 0.1435546875 0.0732421875
0 0.07373046875 0.943359375 0.1474609375 0.1142578125
1 0.6171875 0.9736328125 0.0556640625 0.052734375