0 0.48583984375 0.11328125 0.255859375 0.220703125
1 0.11767578125 0.15966796875 0.0732421875 0.078125
1 0.85693359375 0.27294921875 0.0634765625 0.064453125
1 0.94921875 0.361328125 0.1015625 0.15625
0 0.16015625 0.41943359375 0.3203125 0.271484375
0 0.47021484375 0.435546875 0.236328125 0.2333984375
1 0.78369140625 0.49169921875 0.1787109375 0.154296875
1 0.9619140625 0.59326171875 0.0595703125 0.060546875
1 0.2412109375 0.62060546875 0.0859375 0.09765625
1 0.73095703125 0.65966796875 0.046875 0.060546875
1 0.572265625 0.666015625 0.1357421875 0.1318359375
0 0.41162109375 0.72412109375 0.1728515625 0.0966796875
1 0.69873046875 0.72802734375 0.080078125 0.080078125
1 0.77294921875 0.07373046875 0.09375 0.083984375
1 0.95654296875 0.7802734375 0.076171875 0.0869140625
2 0.0947265625 0.7822265625 0.1845703125 0.435546875
0 0.92138671875 0.08056640625 0.1572265625 0.1611328125
1 0.5068359375 0.84765625 0.0791015625 0.0966796875
2 0.32275390625 0.89306640625 0.2470703125 0.2138671875
1 0.82275390625 0.9033203125 0.140625 0.0791015625
1 0.68212890625 0.974609375 0.265625 0.05078125