2 0.1650390625 0.10205078125 0.330078125 0.2041015625
2 0.73583984375 0.22314453125 0.1259765625 0.4462890625
0 0.4970703125 0.31298828125 0.3125 0.3193359375
0 0.16650390625 0.33544921875 0.26171875 0.2470703125
1 0.91259765625 0.3994140625 0.1748046875 0.193359375
2 0.0751953125 0.54931640625 0.150390625 0.16015625
1 0.20947265625 0.5546875 0.09375 0.10546875
1 0.97119140625 0.6123046875 0.0556640625 0.0712890625
1 0.859375 0.62548828125 0.05078125 0.0576171875
1 0.62548828125 0.62744140625 0.16796875 0.16015625
2 0.50146484375 0.0693359375 0.322265625 0.138671875
1 0.8037109375 0.70849609375 0.099609375 0.087890625
1 0.85595703125 0.78173828125 0.0537109375 0.0390625
2 0.1728515625 0.81884765625 0.345703125 0.3623046875
2 0.90380859375 0.08251953125 0.1923828125 0.1650390625
1 0.9091796875 0.82421875 0.03515625 0.03515625
1 0.5595703125 0.85498046875 0.0849609375 0.1005859375
2 0.4306640625 0.865234375 0.1484375 0.26953125
1 0.93994140625 0.935546875 0.1201171875 0.0810546875
1 0.80712890625 0.9541015625 0.0458984375 0.0498046875