1 0.66064453125 0.98046875 0.0537109375 0.0390625
1 0.7177734375 0.103515625 0.05859375 0.0576171875
0 0.498046875 0.1162109375 0.2333984375 0.20703125
1 0.19970703125 0.181640625 0.0576171875 0.0576171875
2 0.3037109375 0.1953125 0.1328125 0.2451171875
1 0.771484375 0.27099609375 0.044921875 0.044921875
1 0.84814453125 0.337890625 0.087890625 0.1103515625
1 0.9384765625 0.36083984375 0.0625 0.0615234375
0 0.47216796875 0.38916015625 0.171875 0.1767578125
0 0.2900390625 0.39892578125 0.1484375 0.1416015625
1 0.86328125 0.4248046875 0.048828125 0.0400390625
1 0.7060546875 0.4375 0.12890625 0.1083984375
1 0.81982421875 0.5087890625 0.0400390625 0.0283203125
2 0.10302734375 0.51318359375 0.2060546875 0.25390625
1 0.3212890625 0.52001953125 0.060546875 0.0615234375
1 0.96484375 0.0537109375 0.048828125 0.044921875
1 0.64990234375 0.546875 0.0322265625 0.0302734375
1 0.544921875 0.55224609375 0.0830078125 0.0810546875
1 0.9296875 0.57568359375 0.095703125 0.060546875
1 0.62744140625 0.59130859375 0.0498046875 0.0380859375
1 0.79150390625 0.62255859375 0.0458984375 0.044921875
1 0.666015625 0.63671875 0.052734375 0.0380859375
2 0.3046875 0.65966796875 0.169921875 0.201171875
1 0.50537109375 0.66552734375 0.0400390625 0.048828125
1 0.88525390625 0.666015625 0.1083984375 0.1044921875
1 0.697265625 0.69482421875 0.072265625 0.037109375
1 0.54150390625 0.74560546875 0.0341796875 0.029296875
1 0.63427734375 0.75048828125 0.0322265625 0.0322265625
1 0.75732421875 0.76220703125 0.0400390625 0.03125
1 0.95703125 0.7685546875 0.0859375 0.064453125
1 0.81591796875 0.8408203125 0.06640625 0.0576171875
1 0.4169921875 0.8779296875 0.09765625 0.1025390625
2 0.1728515625 0.88525390625 0.345703125 0.2294921875
1 0.71142578125 0.89990234375 0.0498046875 0.048828125
1 0.90966796875 0.93359375 0.0654296875 0.0869140625
1 0.56396484375 0.96875 0.0537109375 0.05078125