0 0.18603515625 0.12744140625 0.3662109375 0.25390625
1 0.96533203125 0.19091796875 0.033203125 0.0419921875
2 0.48388671875 0.22216796875 0.2041015625 0.439453125
1 0.8515625 0.23828125 0.0732421875 0.150390625
1 0.9482421875 0.30419921875 0.103515625 0.1337890625
1 0.88525390625 0.412109375 0.0498046875 0.0654296875
1 0.70556640625 0.43603515625 0.1865234375 0.1767578125
2 0.18505859375 0.466796875 0.3701171875 0.4091796875
1 0.486328125 0.51025390625 0.1533203125 0.115234375
1 0.86279296875 0.5537109375 0.046875 0.06640625
1 0.4443359375 0.61962890625 0.0615234375 0.0595703125
1 0.95263671875 0.65185546875 0.0947265625 0.1103515625
1 0.77294921875 0.66845703125 0.0517578125 0.080078125
1 0.67431640625 0.67236328125 0.0869140625 0.1728515625
1 0.58544921875 0.705078125 0.0517578125 0.0537109375
1 0.77392578125 0.08056640625 0.068359375 0.08203125
1 0.91796875 0.80615234375 0.130859375 0.1767578125
1 0.25634765625 0.841796875 0.5068359375 0.31640625
1 0.96484375 0.0888671875 0.0341796875 0.046875
1 0.6728515625 0.9091796875 0.2021484375 0.181640625
1 0.96240234375 0.9404296875 0.0751953125 0.0712890625