1 0.79443359375 0.10888671875 0.0556640625 0.087890625
1 0.98388671875 0.115234375 0.0322265625 0.0498046875
0 0.19921875 0.15087890625 0.3984375 0.296875
1 0.921875 0.02099609375 0.041015625 0.041015625
1 0.98779296875 0.21826171875 0.0244140625 0.052734375
2 0.5205078125 0.2265625 0.1875 0.4482421875
1 0.86962890625 0.279296875 0.0888671875 0.1865234375
1 0.95947265625 0.33154296875 0.0693359375 0.1201171875
1 0.91259765625 0.435546875 0.056640625 0.068359375
1 0.7353515625 0.46630859375 0.1953125 0.154296875
2 0.20703125 0.49560546875 0.4140625 0.3671875
1 0.501953125 0.53515625 0.150390625 0.1279296875
1 0.4609375 0.640625 0.056640625 0.0615234375
1 0.97509765625 0.6884765625 0.0498046875 0.1181640625
1 0.79052734375 0.69482421875 0.0595703125 0.087890625
1 0.69482421875 0.70751953125 0.0869140625 0.203125
1 0.60400390625 0.73583984375 0.0576171875 0.0615234375
1 0.30078125 0.84765625 0.486328125 0.3046875
1 0.94384765625 0.853515625 0.1123046875 0.1640625
1 0.65673828125 0.9345703125 0.1318359375 0.130859375