1 0.9638671875 0.1806640625 0.0654296875 0.1416015625
2 0.3125 0.1943359375 0.625 0.388671875
1 0.8466796875 0.02587890625 0.265625 0.0517578125
1 0.724609375 0.33837890625 0.1728515625 0.41796875
1 0.9228515625 0.36767578125 0.154296875 0.212890625
2 0.21240234375 0.46533203125 0.4248046875 0.1298828125
1 0.5 0.46630859375 0.119140625 0.1220703125
0 0.169921875 0.7734375 0.33984375 0.453125
2 0.4580078125 0.77490234375 0.203125 0.451171875
1 0.69140625 0.8193359375 0.2392578125 0.361328125
1 0.91552734375 0.87353515625 0.1689453125 0.2529296875