1 0.76220703125 0.12841796875 0.0625 0.056640625
0 0.529296875 0.166015625 0.3291015625 0.234375
2 0.2705078125 0.19287109375 0.1630859375 0.224609375
1 0.1396484375 0.208984375 0.05859375 0.056640625
2 0.8544921875 0.21875 0.291015625 0.1005859375
1 0.85498046875 0.306640625 0.0478515625 0.046875
0 0.13818359375 0.033203125 0.2763671875 0.06640625
1 0.95703125 0.3955078125 0.0859375 0.1513671875
0 0.16015625 0.4384765625 0.3203125 0.2421875
0 0.46826171875 0.4638671875 0.216796875 0.2197265625
1 0.7890625 0.52490234375 0.16015625 0.1416015625
1 0.23876953125 0.63720703125 0.0849609375 0.087890625
1 0.97021484375 0.63720703125 0.0595703125 0.078125
1 0.57080078125 0.68994140625 0.1240234375 0.125
1 0.70361328125 0.7568359375 0.0673828125 0.0732421875
2 0.09326171875 0.78564453125 0.1865234375 0.4287109375
1 0.96923828125 0.810546875 0.0615234375 0.0732421875
1 0.509765625 0.88525390625 0.0751953125 0.1005859375
2 0.33154296875 0.904296875 0.2607421875 0.1923828125
1 0.828125 0.94140625 0.12109375 0.0810546875