1 0.7197265625 0.1025390625 0.048828125 0.046875
0 0.4853515625 0.11328125 0.2177734375 0.201171875
1 0.19921875 0.181640625 0.05859375 0.0478515625
1 0.7705078125 0.26904296875 0.046875 0.044921875
1 0.84912109375 0.33154296875 0.0927734375 0.1015625
1 0.9501953125 0.35498046875 0.05078125 0.044921875
0 0.4755859375 0.38525390625 0.1591796875 0.1572265625
0 0.28759765625 0.3984375 0.1474609375 0.126953125
1 0.86376953125 0.42138671875 0.044921875 0.0400390625
1 0.70361328125 0.43603515625 0.125 0.107421875
2 0.10205078125 0.48779296875 0.2041015625 0.263671875
1 0.9677734375 0.05224609375 0.04296875 0.044921875
1 0.32373046875 0.52001953125 0.0595703125 0.0595703125
1 0.54345703125 0.5498046875 0.0859375 0.07421875
1 0.9306640625 0.5751953125 0.0771484375 0.0576171875
1 0.625 0.58935546875 0.056640625 0.044921875
1 0.79345703125 0.619140625 0.0419921875 0.0419921875
1 0.88330078125 0.6650390625 0.1083984375 0.1064453125
1 0.5078125 0.66845703125 0.05078125 0.052734375
2 0.34228515625 0.68017578125 0.2490234375 0.1572265625
1 0.6953125 0.69775390625 0.0595703125 0.0380859375
1 0.5439453125 0.7490234375 0.025390625 0.03125
1 0.76025390625 0.7626953125 0.0380859375 0.0322265625
1 0.95849609375 0.767578125 0.0830078125 0.06640625
1 0.81884765625 0.8408203125 0.0595703125 0.0478515625
1 0.3935546875 0.85693359375 0.0537109375 0.048828125
2 0.17919921875 0.8916015625 0.3583984375 0.216796875
1 0.71142578125 0.90185546875 0.052734375 0.05078125
1 0.44482421875 0.904296875 0.0390625 0.0400390625
1 0.9033203125 0.93115234375 0.0732421875 0.080078125
1 0.56103515625 0.97021484375 0.056640625 0.0517578125
1 0.66259765625 0.97607421875 0.0439453125 0.037109375