2 0.6953125 0.2138671875 0.259765625 0.4267578125
0 0.2744140625 0.216796875 0.548828125 0.43359375
1 0.91943359375 0.43115234375 0.1611328125 0.1552734375
1 0.6650390625 0.52001953125 0.1484375 0.140625
2 0.2890625 0.5576171875 0.572265625 0.2275390625
1 0.61865234375 0.62939453125 0.0595703125 0.0625
1 0.9052734375 0.73095703125 0.10546875 0.2421875
1 0.78662109375 0.74560546875 0.0595703125 0.060546875
2 0.11181640625 0.837890625 0.2177734375 0.31640625
1 0.466796875 0.8408203125 0.466796875 0.318359375
1 0.86767578125 0.953125 0.1787109375 0.09375