0 0.50048828125 0.01025390625 0.0859375 0.0205078125
0 0.14599609375 0.0126953125 0.091796875 0.025390625
1 0.15283203125 0.1181640625 0.0966796875 0.0791015625
2 0.123046875 0.22607421875 0.24609375 0.1044921875
0 0.62255859375 0.37890625 0.6103515625 0.505859375
1 0.04443359375 0.0439453125 0.0888671875 0.087890625
1 0.123046875 0.44287109375 0.24609375 0.29296875
2 0.78076171875 0.05126953125 0.4384765625 0.1015625
2 0.3212890625 0.05322265625 0.2294921875 0.103515625
1 0.03515625 0.73876953125 0.0703125 0.1826171875
2 0.90478515625 0.77197265625 0.1904296875 0.244140625
2 0.44091796875 0.82763671875 0.6728515625 0.326171875
1 0.90478515625 0.9541015625 0.1904296875 0.091796875