0 0.29541015625 0.2529296875 0.5908203125 0.5048828125
2 0.80712890625 0.2685546875 0.3857421875 0.2392578125
1 0.93994140625 0.48388671875 0.1201171875 0.1591796875
1 0.74462890625 0.55908203125 0.080078125 0.125
2 0.45166015625 0.60693359375 0.2998046875 0.185546875
1 0.65869140625 0.66650390625 0.0615234375 0.0556640625
1 0.92724609375 0.69140625 0.0625 0.056640625
2 0.14599609375 0.7587890625 0.2919921875 0.482421875
1 0.9560546875 0.763671875 0.0595703125 0.0595703125
1 0.82568359375 0.80126953125 0.0625 0.068359375
1 0.5263671875 0.8544921875 0.44140625 0.291015625