1 0.0380859375 0.1328125 0.076171875 0.0595703125
2 0.58984375 0.20068359375 0.8134765625 0.080078125
1 0.08984375 0.22216796875 0.0849609375 0.072265625
2 0.126953125 0.3115234375 0.2490234375 0.083984375
2 0.91064453125 0.4833984375 0.1787109375 0.4619140625
0 0.53662109375 0.49560546875 0.5322265625 0.478515625
0 0.111328125 0.52099609375 0.22265625 0.302734375
0 0.62646484375 0.07421875 0.474609375 0.1484375
0 0.16845703125 0.0751953125 0.171875 0.1162109375
2 0.939453125 0.07666015625 0.1201171875 0.1533203125
2 0.48779296875 0.873046875 0.951171875 0.25390625
1 0.28955078125 0.0908203125 0.0478515625 0.0380859375