1 0.88818359375 0.15771484375 0.060546875 0.06640625
1 0.96435546875 0.2626953125 0.0712890625 0.1591796875
1 0.0546875 0.02685546875 0.0927734375 0.0537109375
0 0.150390625 0.30908203125 0.30078125 0.2666015625
0 0.4619140625 0.32958984375 0.234375 0.2392578125
1 0.783203125 0.39453125 0.1728515625 0.134765625
1 0.94287109375 0.50537109375 0.052734375 0.068359375
1 0.24365234375 0.51416015625 0.0751953125 0.076171875
1 0.55615234375 0.5615234375 0.119140625 0.1123046875
0 0.39599609375 0.5712890625 0.166015625 0.1708984375
2 0.095703125 0.60693359375 0.19140625 0.30078125
1 0.67431640625 0.6142578125 0.0625 0.06640625
1 0.90869140625 0.6591796875 0.0576171875 0.05859375
1 0.9775390625 0.70458984375 0.044921875 0.1396484375
1 0.50244140625 0.71923828125 0.0703125 0.0859375
0 0.53662109375 0.0732421875 0.4609375 0.146484375
1 0.7646484375 0.7568359375 0.1015625 0.0537109375
2 0.333984375 0.8046875 0.2412109375 0.271484375
0 0.09814453125 0.83154296875 0.1962890625 0.115234375
1 0.56103515625 0.833984375 0.0458984375 0.0419921875
1 0.68408203125 0.8388671875 0.04296875 0.046875
1 0.85986328125 0.85107421875 0.052734375 0.0419921875
0 0.529296875 0.95068359375 0.0947265625 0.099609375
1 0.9306640625 0.95703125 0.0771484375 0.0732421875
1 0.34716796875 0.97607421875 0.087890625 0.0478515625