1 0.099609375 0.98388671875 0.072265625 0.0322265625
2 0.234375 0.12744140625 0.2177734375 0.1142578125
2 0.6943359375 0.13427734375 0.611328125 0.087890625
1 0.046875 0.142578125 0.09375 0.0810546875
0 0.0986328125 0.02587890625 0.18359375 0.0517578125
0 0.85400390625 0.02587890625 0.2919921875 0.0517578125
0 0.5166015625 0.0400390625 0.322265625 0.080078125
2 0.90869140625 0.41015625 0.1826171875 0.4091796875
0 0.5302734375 0.43310546875 0.53515625 0.4755859375
0 0.10205078125 0.46435546875 0.1982421875 0.369140625
1 0.95751953125 0.693359375 0.0849609375 0.1240234375
2 0.80615234375 0.78369140625 0.1796875 0.1767578125
2 0.1083984375 0.81103515625 0.2138671875 0.2890625
2 0.46435546875 0.8466796875 0.466796875 0.306640625
1 0.85791015625 0.94921875 0.2841796875 0.1015625