0 0.48876953125 0.26025390625 0.3896484375 0.4033203125
0 0.11279296875 0.29296875 0.2255859375 0.2978515625
1 0.9580078125 0.40771484375 0.083984375 0.09765625
1 0.12255859375 0.5654296875 0.1123046875 0.1103515625
0 0.943359375 0.06103515625 0.11328125 0.1220703125
2 0.140625 0.06591796875 0.28125 0.1318359375
1 0.6611328125 0.658203125 0.1923828125 0.203125
0 0.4130859375 0.7470703125 0.2783203125 0.1318359375
1 0.87451171875 0.765625 0.1357421875 0.10546875
2 0.130859375 0.8173828125 0.26171875 0.365234375
1 0.958984375 0.86669921875 0.060546875 0.0634765625
2 0.38623046875 0.91259765625 0.2197265625 0.1748046875
1 0.55859375 0.93603515625 0.099609375 0.12890625