0 0.50732421875 0.10498046875 0.291015625 0.2099609375
2 0.279296875 0.11279296875 0.1279296875 0.224609375
1 0.13525390625 0.119140625 0.076171875 0.0771484375
2 0.8720703125 0.12646484375 0.2529296875 0.0908203125
1 0.8232421875 0.2255859375 0.0556640625 0.068359375
1 0.93115234375 0.33984375 0.1376953125 0.1962890625
1 0.7578125 0.03466796875 0.08984375 0.0693359375
0 0.16845703125 0.353515625 0.3369140625 0.21875
0 0.4697265625 0.36572265625 0.193359375 0.2001953125
1 0.736328125 0.42578125 0.1513671875 0.13671875
1 0.87548828125 0.5078125 0.0546875 0.05078125
1 0.287109375 0.5234375 0.07421875 0.0849609375
1 0.54931640625 0.5625 0.109375 0.1201171875
0 0.416015625 0.5703125 0.1240234375 0.1416015625
2 0.11767578125 0.572265625 0.2353515625 0.1630859375
1 0.66796875 0.5849609375 0.0849609375 0.10546875
1 0.90625 0.6591796875 0.1875 0.2236328125
1 0.5068359375 0.69775390625 0.0634765625 0.078125
1 0.72998046875 0.72802734375 0.095703125 0.0537109375
2 0.3505859375 0.74658203125 0.19140625 0.1826171875
0 0.109375 0.77001953125 0.21875 0.1650390625
1 0.5546875 0.79833984375 0.048828125 0.05078125
1 0.66162109375 0.802734375 0.0478515625 0.0458984375
1 0.810546875 0.81787109375 0.046875 0.046875
1 0.88037109375 0.91015625 0.0859375 0.083984375
2 0.14892578125 0.9326171875 0.2919921875 0.134765625
1 0.39306640625 0.94287109375 0.1318359375 0.1142578125
1 0.7490234375 0.96875 0.0888671875 0.0625
1 0.97802734375 0.97607421875 0.0439453125 0.0478515625