2 0.26611328125 0.10693359375 0.1357421875 0.2138671875
0 0.12548828125 0.01708984375 0.1171875 0.0341796875
1 0.9443359375 0.18017578125 0.08203125 0.07421875
0 0.16552734375 0.353515625 0.3310546875 0.2529296875
0 0.494140625 0.3720703125 0.248046875 0.2509765625
1 0.84228515625 0.431640625 0.1982421875 0.1787109375
1 0.263671875 0.5625 0.0966796875 0.103515625
0 0.38916015625 0.5693359375 0.12109375 0.09375
2 0.90185546875 0.0595703125 0.1962890625 0.119140625
1 0.85693359375 0.59765625 0.060546875 0.0615234375
1 0.59521484375 0.615234375 0.146484375 0.1396484375
1 0.9443359375 0.6416015625 0.06640625 0.068359375
1 0.74560546875 0.65087890625 0.107421875 0.1298828125
2 0.091796875 0.65576171875 0.1787109375 0.3271484375
0 0.4287109375 0.677734375 0.16015625 0.1083984375
2 0.263671875 0.68212890625 0.146484375 0.1025390625
1 0.98095703125 0.736328125 0.0380859375 0.0810546875
1 0.53369140625 0.7919921875 0.0849609375 0.0947265625
0 0.56982421875 0.08447265625 0.412109375 0.1689453125
1 0.84765625 0.8525390625 0.1162109375 0.0869140625
1 0.111328125 0.0869140625 0.0927734375 0.0771484375
2 0.337890625 0.8701171875 0.2919921875 0.259765625
0 0.08349609375 0.90185546875 0.1669921875 0.134765625
1 0.62109375 0.92529296875 0.103515625 0.072265625
1 0.74560546875 0.93994140625 0.064453125 0.05859375
1 0.95068359375 0.9677734375 0.0791015625 0.064453125