2 0.7333984375 0.19287109375 0.234375 0.1943359375
1 0.05712890625 0.1962890625 0.1142578125 0.2001953125
1 0.97021484375 0.21728515625 0.0595703125 0.1298828125
2 0.3671875 0.271484375 0.462890625 0.3466796875
0 0.1484375 0.02783203125 0.09375 0.0556640625
1 0.80908203125 0.0283203125 0.0537109375 0.0517578125
1 0.68994140625 0.40869140625 0.1396484375 0.1337890625
1 0.89697265625 0.47412109375 0.2060546875 0.3251953125
1 0.935546875 0.060546875 0.123046875 0.12109375
1 0.24853515625 0.73046875 0.4970703125 0.5390625
1 0.87744140625 0.833984375 0.2451171875 0.33203125