1 0.65185546875 0.978515625 0.1220703125 0.04296875
2 0.2119140625 0.10205078125 0.26171875 0.2041015625
2 0.72802734375 0.25341796875 0.1416015625 0.3857421875
0 0.49853515625 0.3203125 0.2998046875 0.3017578125
0 0.1806640625 0.33837890625 0.26171875 0.2470703125
1 0.90478515625 0.40576171875 0.1904296875 0.193359375
2 0.08056640625 0.53564453125 0.1611328125 0.1337890625
1 0.22265625 0.55322265625 0.091796875 0.095703125
1 0.96044921875 0.61083984375 0.0556640625 0.0712890625
1 0.6240234375 0.61962890625 0.16796875 0.16015625
1 0.84228515625 0.62255859375 0.05078125 0.0576171875
1 0.7880859375 0.70849609375 0.099609375 0.087890625
1 0.84814453125 0.7783203125 0.0537109375 0.0390625
2 0.17578125 0.77978515625 0.345703125 0.33203125
2 0.49951171875 0.0810546875 0.283203125 0.162109375
1 0.89990234375 0.81298828125 0.03515625 0.03515625
1 0.5546875 0.8349609375 0.0849609375 0.1005859375
2 0.4306640625 0.865234375 0.1484375 0.26953125
1 0.9306640625 0.9150390625 0.1357421875 0.0810546875
2 0.90380859375 0.09375 0.1923828125 0.1875
1 0.7958984375 0.93701171875 0.0458984375 0.0498046875