0 0.52783203125 0.1318359375 0.326171875 0.263671875
1 0.125 0.17578125 0.0732421875 0.068359375
2 0.26416015625 0.185546875 0.17578125 0.2099609375
2 0.8505859375 0.1953125 0.298828125 0.087890625
1 0.8623046875 0.28076171875 0.0478515625 0.0537109375
1 0.96044921875 0.37255859375 0.0791015625 0.1591796875
0 0.1591796875 0.4189453125 0.318359375 0.2373046875
0 0.46923828125 0.4384765625 0.224609375 0.22265625
1 0.2412109375 0.61279296875 0.080078125 0.078125
1 0.568359375 0.6630859375 0.119140625 0.1201171875
2 0.095703125 0.7509765625 0.1904296875 0.408203125
1 0.955078125 0.77392578125 0.0625 0.068359375
1 0.5107421875 0.84716796875 0.0634765625 0.09765625
2 0.33642578125 0.8857421875 0.265625 0.228515625
1 0.81494140625 0.8984375 0.109375 0.068359375
1 0.7734375 0.091796875 0.0654296875 0.06640625