0 0.2822265625 0.24658203125 0.564453125 0.4931640625
2 0.7578125 0.2685546875 0.359375 0.2392578125
1 0.9140625 0.50048828125 0.171875 0.1796875
1 0.71044921875 0.560546875 0.080078125 0.125
2 0.43408203125 0.60693359375 0.2646484375 0.185546875
1 0.62890625 0.6650390625 0.0615234375 0.0556640625
1 0.88671875 0.68017578125 0.0625 0.056640625
1 0.9091796875 0.75244140625 0.0595703125 0.0595703125
2 0.14599609375 0.7587890625 0.2919921875 0.482421875
1 0.791015625 0.79345703125 0.0625 0.068359375
1 0.92822265625 0.84326171875 0.08203125 0.1123046875
1 0.5263671875 0.8544921875 0.44140625 0.291015625
1 0.85107421875 0.8916015625 0.0556640625 0.0654296875