1 0.93701171875 0.1806640625 0.119140625 0.1416015625
2 0.2724609375 0.19287109375 0.544921875 0.3857421875
1 0.8466796875 0.02587890625 0.265625 0.0517578125
1 0.65478515625 0.3369140625 0.1611328125 0.400390625
1 0.83447265625 0.3701171875 0.158203125 0.1884765625
1 0.96484375 0.458984375 0.0703125 0.3369140625
1 0.46826171875 0.46630859375 0.119140625 0.1220703125
2 0.16650390625 0.47021484375 0.3330078125 0.1396484375
2 0.37255859375 0.77587890625 0.28125 0.4482421875
0 0.10546875 0.7919921875 0.2109375 0.4169921875
1 0.64013671875 0.82421875 0.21484375 0.3515625
1 0.8837890625 0.87353515625 0.232421875 0.2529296875