2 0.1953125 0.12353515625 0.1904296875 0.2119140625
1 0.88720703125 0.154296875 0.056640625 0.0546875
0 0.037109375 0.24853515625 0.07421875 0.1572265625
1 0.94482421875 0.2626953125 0.1103515625 0.15234375
1 0.05322265625 0.0283203125 0.072265625 0.056640625
0 0.458984375 0.33056640625 0.2314453125 0.2373046875
0 0.19287109375 0.33984375 0.2119140625 0.1953125
1 0.7890625 0.39453125 0.1796875 0.14453125
1 0.94580078125 0.49609375 0.03515625 0.0400390625
1 0.2421875 0.51611328125 0.08203125 0.080078125
1 0.556640625 0.55712890625 0.119140625 0.1171875
1 0.6748046875 0.61328125 0.05859375 0.0517578125
0 0.412109375 0.6201171875 0.16015625 0.0888671875
0 0.54638671875 0.06591796875 0.3505859375 0.1318359375
1 0.90673828125 0.6591796875 0.05859375 0.0537109375
2 0.1591796875 0.66796875 0.3076171875 0.1884765625
1 0.9775390625 0.7001953125 0.044921875 0.125
1 0.50048828125 0.71875 0.0673828125 0.0791015625
1 0.7666015625 0.75927734375 0.099609375 0.056640625
1 0.55859375 0.83203125 0.041015625 0.0400390625
0 0.09033203125 0.8349609375 0.1796875 0.1162109375
1 0.68310546875 0.83642578125 0.0390625 0.0341796875
1 0.85595703125 0.85009765625 0.0419921875 0.037109375
1 0.93408203125 0.95654296875 0.072265625 0.068359375
1 0.35107421875 0.97412109375 0.078125 0.0517578125