0 0.88818359375 0.201171875 0.2236328125 0.1572265625
1 0.07275390625 0.0322265625 0.076171875 0.064453125
0 0.15478515625 0.32470703125 0.3095703125 0.275390625
0 0.5 0.3408203125 0.275390625 0.279296875
1 0.8984375 0.416015625 0.203125 0.1689453125
0 0.6103515625 0.05322265625 0.37109375 0.1064453125
2 0.904296875 0.05517578125 0.19140625 0.1103515625
1 0.24365234375 0.5556640625 0.080078125 0.0869140625
1 0.61962890625 0.6162109375 0.1318359375 0.138671875
2 0.09765625 0.67724609375 0.1953125 0.40625
0 0.44384765625 0.685546875 0.20703125 0.0927734375
1 0.7734375 0.6923828125 0.07421875 0.078125
1 0.54931640625 0.81787109375 0.076171875 0.0927734375
2 0.3544921875 0.8720703125 0.29296875 0.2568359375
2 0.27001953125 0.08837890625 0.2890625 0.1767578125
1 0.90576171875 0.89013671875 0.1298828125 0.072265625
0 0.07470703125 0.94482421875 0.1494140625 0.1083984375
1 0.62158203125 0.9716796875 0.0517578125 0.0458984375