2 0.19189453125 0.2001953125 0.3837890625 0.400390625
1 0.7294921875 0.22705078125 0.109375 0.126953125
1 0.4755859375 0.35791015625 0.1533203125 0.3740234375
1 0.6279296875 0.400390625 0.091796875 0.1904296875
1 0.28369140625 0.47021484375 0.1123046875 0.115234375
2 0.10791015625 0.4736328125 0.2158203125 0.1220703125
1 0.7451171875 0.501953125 0.091796875 0.2958984375
1 0.6123046875 0.06591796875 0.294921875 0.1318359375
2 0.20751953125 0.77587890625 0.30859375 0.4482421875
1 0.470703125 0.80810546875 0.1923828125 0.3515625
1 0.685546875 0.86865234375 0.2119140625 0.2626953125