1 0.923828125 0.982421875 0.056640625 0.03515625
1 0.1015625 0.1259765625 0.0751953125 0.0654296875
2 0.83056640625 0.14453125 0.3388671875 0.1279296875
2 0.24609375 0.15771484375 0.189453125 0.314453125
1 0.8798828125 0.2412109375 0.0634765625 0.0537109375
1 0.78857421875 0.03173828125 0.0673828125 0.060546875
1 0.962890625 0.3349609375 0.07421875 0.1474609375
0 0.46630859375 0.408203125 0.2333984375 0.2197265625
0 0.20263671875 0.421875 0.2080078125 0.1865234375
1 0.791015625 0.47265625 0.171875 0.1435546875
1 0.974609375 0.5732421875 0.05078125 0.04296875
1 0.23974609375 0.58935546875 0.0771484375 0.076171875
2 0.0947265625 0.625 0.18359375 0.2021484375
1 0.7314453125 0.63525390625 0.0439453125 0.046875
1 0.5703125 0.63671875 0.1259765625 0.1220703125
1 0.69677734375 0.701171875 0.072265625 0.05859375
1 0.9580078125 0.74951171875 0.06640625 0.0595703125
1 0.73681640625 0.75341796875 0.0419921875 0.029296875
1 0.77978515625 0.78955078125 0.03125 0.0263671875
1 0.51220703125 0.8203125 0.0703125 0.080078125
2 0.2333984375 0.83984375 0.4609375 0.2099609375
0 0.4892578125 0.0849609375 0.26953125 0.169921875
1 0.8125 0.86669921875 0.103515625 0.0556640625
1 0.70654296875 0.890625 0.0400390625 0.0390625
1 0.5771484375 0.9599609375 0.0458984375 0.046875
1 0.7197265625 0.966796875 0.0576171875 0.0458984375