1 0.7216796875 0.09765625 0.05859375 0.05078125
1 0.6611328125 0.982421875 0.056640625 0.03515625
0 0.4931640625 0.11083984375 0.2138671875 0.205078125
1 0.19580078125 0.17578125 0.0537109375 0.0576171875
2 0.30419921875 0.19287109375 0.1455078125 0.244140625
1 0.7724609375 0.2666015625 0.046875 0.0439453125
1 0.85400390625 0.337890625 0.0859375 0.1142578125
1 0.94287109375 0.35791015625 0.0634765625 0.0673828125
0 0.47802734375 0.38623046875 0.166015625 0.1669921875
0 0.28662109375 0.3955078125 0.1533203125 0.1455078125
1 0.8701171875 0.423828125 0.04296875 0.0419921875
1 0.70263671875 0.43798828125 0.1220703125 0.1015625
1 0.9716796875 0.046875 0.04296875 0.04296875
2 0.09912109375 0.50732421875 0.1962890625 0.255859375
1 0.82421875 0.50830078125 0.037109375 0.0322265625
1 0.31884765625 0.52099609375 0.0498046875 0.0595703125
1 0.65380859375 0.54736328125 0.0322265625 0.0322265625
1 0.544921875 0.5517578125 0.0791015625 0.0830078125
1 0.9326171875 0.5751953125 0.08984375 0.0634765625
1 0.62353515625 0.59521484375 0.0419921875 0.0341796875
1 0.79736328125 0.623046875 0.0498046875 0.0458984375
2 0.30517578125 0.65283203125 0.1943359375 0.1806640625
1 0.5048828125 0.666015625 0.0546875 0.0576171875
1 0.89501953125 0.671875 0.1083984375 0.1083984375
1 0.6982421875 0.6982421875 0.07421875 0.0361328125
1 0.544921875 0.74951171875 0.0361328125 0.0341796875
1 0.63427734375 0.7548828125 0.0322265625 0.0322265625
1 0.76318359375 0.7666015625 0.0400390625 0.0283203125
1 0.9599609375 0.771484375 0.080078125 0.068359375
1 0.8203125 0.84423828125 0.0556640625 0.0537109375
1 0.41650390625 0.88623046875 0.0927734375 0.1015625
2 0.1728515625 0.89306640625 0.33984375 0.2138671875
1 0.71337890625 0.9052734375 0.0546875 0.05078125
1 0.9111328125 0.9375 0.0654296875 0.087890625
1 0.56103515625 0.97216796875 0.0595703125 0.0556640625