0 0.140625 0.01025390625 0.0810546875 0.0205078125
1 0.71826171875 0.10009765625 0.0625 0.0634765625
0 0.52197265625 0.1259765625 0.275390625 0.251953125
2 0.3037109375 0.154296875 0.1201171875 0.1669921875
1 0.19482421875 0.1748046875 0.0654296875 0.06640625
2 0.85791015625 0.1953125 0.2490234375 0.0537109375
1 0.7744140625 0.26611328125 0.0478515625 0.048828125
1 0.85400390625 0.33203125 0.099609375 0.09765625
1 0.9541015625 0.34912109375 0.0556640625 0.0537109375
0 0.2119140625 0.365234375 0.3095703125 0.212890625
0 0.4765625 0.38720703125 0.166015625 0.173828125
1 0.705078125 0.43212890625 0.138671875 0.1171875
1 0.826171875 0.5078125 0.052734375 0.0576171875
1 0.32177734375 0.521484375 0.060546875 0.0615234375
1 0.54150390625 0.5517578125 0.0947265625 0.087890625
2 0.14501953125 0.56884765625 0.265625 0.1796875
1 0.62939453125 0.5947265625 0.0458984375 0.046875
1 0.8740234375 0.63623046875 0.1982421875 0.1865234375
1 0.50244140625 0.67138671875 0.060546875 0.068359375
1 0.69873046875 0.6982421875 0.0771484375 0.048828125
0 0.16259765625 0.72900390625 0.23046875 0.1181640625
1 0.548828125 0.75537109375 0.0419921875 0.041015625
1 0.63671875 0.75537109375 0.0380859375 0.0341796875
0 0.8984375 0.07666015625 0.2021484375 0.1533203125
1 0.962890625 0.77294921875 0.07421875 0.06640625
1 0.822265625 0.84716796875 0.05078125 0.05859375
1 0.388671875 0.86083984375 0.05859375 0.056640625
2 0.18359375 0.89794921875 0.3271484375 0.2041015625
1 0.44384765625 0.90966796875 0.0517578125 0.0419921875
1 0.7158203125 0.90966796875 0.052734375 0.056640625
1 0.91357421875 0.9375 0.0673828125 0.107421875
1 0.56689453125 0.97314453125 0.048828125 0.0537109375