0 0.490234375 0.27734375 0.3681640625 0.3740234375
0 0.12255859375 0.30029296875 0.2451171875 0.29296875
1 0.9404296875 0.42236328125 0.1162109375 0.0927734375
1 0.154296875 0.560546875 0.107421875 0.1103515625
1 0.65234375 0.64453125 0.189453125 0.1904296875
2 0.14697265625 0.07080078125 0.2939453125 0.1416015625
0 0.4130859375 0.7314453125 0.25390625 0.14453125
1 0.85888671875 0.751953125 0.1044921875 0.107421875
2 0.1357421875 0.81494140625 0.271484375 0.3701171875
0 0.93359375 0.09033203125 0.1328125 0.1806640625
2 0.38623046875 0.9091796875 0.2001953125 0.1826171875
1 0.5537109375 0.91796875 0.109375 0.126953125