2 0.3349609375 0.21875 0.2978515625 0.4375
1 0.85400390625 0.2529296875 0.1240234375 0.134765625
1 0.58056640625 0.4052734375 0.158203125 0.3564453125
1 0.74658203125 0.43359375 0.109375 0.1982421875
1 0.4072265625 0.50439453125 0.099609375 0.1103515625
2 0.10400390625 0.52734375 0.2080078125 0.15625
1 0.90283203125 0.5322265625 0.12890625 0.3759765625
1 0.82080078125 0.078125 0.1064453125 0.15625
2 0.34619140625 0.8017578125 0.24609375 0.3974609375
0 0.10400390625 0.81005859375 0.2080078125 0.3798828125
1 0.60986328125 0.0830078125 0.2216796875 0.166015625
1 0.57666015625 0.84912109375 0.189453125 0.3017578125
1 0.740234375 0.90673828125 0.08203125 0.1875
1 0.88818359375 0.9189453125 0.158203125 0.1630859375