1 0.88818359375 0.1806640625 0.158203125 0.1416015625
2 0.2431640625 0.19287109375 0.486328125 0.3857421875
1 0.59765625 0.3369140625 0.1533203125 0.3955078125
1 0.7451171875 0.37841796875 0.091796875 0.1904296875
1 0.8916015625 0.45654296875 0.1455078125 0.3369140625
1 0.4169921875 0.4638671875 0.119140625 0.1220703125
2 0.16650390625 0.47021484375 0.3330078125 0.1396484375
1 0.7783203125 0.048828125 0.294921875 0.09765625
2 0.34423828125 0.77587890625 0.23046875 0.4482421875
1 0.583984375 0.79833984375 0.1904296875 0.3515625
0 0.10546875 0.80908203125 0.2109375 0.3828125
1 0.80615234375 0.841796875 0.228515625 0.2529296875