1 0.916015625 0.982421875 0.052734375 0.0361328125
0 0.52294921875 0.11865234375 0.3359375 0.2373046875
2 0.25341796875 0.13427734375 0.1826171875 0.2685546875
1 0.11669921875 0.1552734375 0.0654296875 0.0712890625
2 0.85302734375 0.1748046875 0.2939453125 0.095703125
1 0.8623046875 0.26123046875 0.052734375 0.0537109375
1 0.95458984375 0.35400390625 0.0908203125 0.1513671875
0 0.1552734375 0.400390625 0.310546875 0.244140625
0 0.4658203125 0.4189453125 0.2265625 0.22265625
1 0.7890625 0.47998046875 0.169921875 0.14453125
0 0.93115234375 0.0576171875 0.1376953125 0.115234375
1 0.2421875 0.595703125 0.0732421875 0.0830078125
1 0.56591796875 0.6494140625 0.1240234375 0.126953125
1 0.77587890625 0.0673828125 0.0654296875 0.06640625
1 0.6962890625 0.71044921875 0.0673828125 0.05859375
0 0.4130859375 0.71435546875 0.15625 0.095703125
2 0.0966796875 0.732421875 0.193359375 0.3955078125
1 0.9443359375 0.755859375 0.0654296875 0.06640625
1 0.51318359375 0.82666015625 0.068359375 0.0908203125
1 0.8037109375 0.87646484375 0.12109375 0.068359375
2 0.33642578125 0.88818359375 0.2607421875 0.2236328125
1 0.57421875 0.966796875 0.05859375 0.05859375
0 0.04931640625 0.97119140625 0.0986328125 0.0576171875
1 0.71826171875 0.97509765625 0.0478515625 0.05078125