2 0.25537109375 0.103515625 0.154296875 0.2060546875
1 0.96728515625 0.15869140625 0.0654296875 0.0859375
0 0.8251953125 0.24560546875 0.1923828125 0.134765625
0 0.16845703125 0.3466796875 0.3369140625 0.2548828125
0 0.4990234375 0.359375 0.25390625 0.2568359375
1 0.8525390625 0.4296875 0.2314453125 0.1669921875
2 0.91357421875 0.0546875 0.1728515625 0.1005859375
1 0.26953125 0.556640625 0.1005859375 0.109375
1 0.87060546875 0.5927734375 0.0673828125 0.0595703125
1 0.6044921875 0.609375 0.13671875 0.1474609375
0 0.43310546875 0.623046875 0.1826171875 0.1962890625
2 0.1015625 0.646484375 0.203125 0.3115234375
1 0.76123046875 0.66650390625 0.1142578125 0.1708984375
1 0.11083984375 0.0673828125 0.1025390625 0.1025390625
2 0.2724609375 0.6767578125 0.11328125 0.1103515625
0 0.57958984375 0.0751953125 0.4619140625 0.150390625
1 0.54443359375 0.79052734375 0.0791015625 0.095703125
1 0.853515625 0.85302734375 0.123046875 0.076171875
2 0.3505859375 0.8701171875 0.26953125 0.259765625
0 0.087890625 0.88720703125 0.17578125 0.1455078125
1 0.6064453125 0.9228515625 0.0517578125 0.0517578125
1 0.76123046875 0.939453125 0.064453125 0.0654296875
1 0.97216796875 0.974609375 0.0556640625 0.05078125