1 0.6650390625 0.98095703125 0.0576171875 0.0380859375
1 0.71875 0.0986328125 0.0546875 0.0546875
0 0.49658203125 0.109375 0.23828125 0.205078125
2 0.3017578125 0.16748046875 0.12890625 0.279296875
1 0.2001953125 0.177734375 0.056640625 0.056640625
1 0.76904296875 0.26708984375 0.0478515625 0.0458984375
1 0.8505859375 0.33251953125 0.08984375 0.08984375
1 0.943359375 0.359375 0.05859375 0.0615234375
0 0.47412109375 0.3896484375 0.16796875 0.17578125
0 0.27099609375 0.39453125 0.18359375 0.1474609375
1 0.70361328125 0.43359375 0.125 0.1005859375
2 0.0859375 0.47314453125 0.166015625 0.2275390625
1 0.9677734375 0.0498046875 0.04296875 0.0439453125
1 0.82177734375 0.50634765625 0.0478515625 0.0361328125
1 0.31884765625 0.5205078125 0.0595703125 0.0576171875
1 0.54345703125 0.54931640625 0.0888671875 0.083984375
1 0.92919921875 0.57861328125 0.0869140625 0.0703125
1 0.62744140625 0.59326171875 0.048828125 0.0498046875
1 0.79736328125 0.62109375 0.0498046875 0.0498046875
2 0.2939453125 0.6494140625 0.22265625 0.1806640625
1 0.50341796875 0.66796875 0.0556640625 0.0537109375
1 0.888671875 0.67041015625 0.115234375 0.1015625
1 0.69873046875 0.69677734375 0.08203125 0.0361328125
1 0.5439453125 0.74658203125 0.03515625 0.03125
1 0.63427734375 0.75146484375 0.0322265625 0.0302734375
1 0.759765625 0.76416015625 0.041015625 0.0361328125
1 0.95751953125 0.76953125 0.0849609375 0.0625
1 0.81298828125 0.8447265625 0.078125 0.0556640625
1 0.41455078125 0.8798828125 0.0927734375 0.0986328125
2 0.17138671875 0.89453125 0.3427734375 0.2109375
1 0.71533203125 0.9033203125 0.0537109375 0.0478515625
1 0.90234375 0.93359375 0.0703125 0.08203125
1 0.56396484375 0.970703125 0.0478515625 0.05078125