1 0.71435546875 0.099609375 0.080078125 0.0849609375
0 0.4912109375 0.10888671875 0.20703125 0.2177734375
0 0.76025390625 0.015625 0.1474609375 0.03125
2 0.30859375 0.16845703125 0.123046875 0.2265625
1 0.19287109375 0.17724609375 0.0791015625 0.068359375
2 0.81689453125 0.18798828125 0.2958984375 0.078125
0 0.04296875 0.22119140625 0.0859375 0.1171875
1 0.76904296875 0.27001953125 0.0546875 0.0478515625
1 0.892578125 0.3662109375 0.1826171875 0.162109375
0 0.22314453125 0.37890625 0.28125 0.1708984375
0 0.47265625 0.3876953125 0.166015625 0.181640625
1 0.69287109375 0.43701171875 0.1572265625 0.126953125
0 0.0390625 0.0439453125 0.078125 0.0869140625
1 0.96435546875 0.0498046875 0.060546875 0.0595703125
1 0.81982421875 0.5107421875 0.037109375 0.044921875
1 0.31689453125 0.5244140625 0.0810546875 0.0830078125
1 0.54443359375 0.55322265625 0.107421875 0.09375
2 0.12939453125 0.5556640625 0.2568359375 0.154296875
0 0.42333984375 0.56298828125 0.115234375 0.125
1 0.64306640625 0.57861328125 0.06640625 0.083984375
1 0.8779296875 0.6328125 0.2236328125 0.1728515625
1 0.5107421875 0.67333984375 0.05859375 0.0693359375
1 0.69921875 0.697265625 0.0849609375 0.0498046875
2 0.3681640625 0.71630859375 0.19140625 0.1435546875
0 0.1552734375 0.724609375 0.1953125 0.1513671875
1 0.54931640625 0.75146484375 0.03515625 0.044921875
1 0.63818359375 0.75244140625 0.041015625 0.0400390625
1 0.76318359375 0.76513671875 0.041015625 0.037109375
1 0.95654296875 0.7763671875 0.0830078125 0.0791015625
0 0.13525390625 0.0078125 0.08203125 0.015625
1 0.81298828125 0.8447265625 0.08203125 0.0673828125
1 0.41015625 0.88818359375 0.107421875 0.119140625
2 0.17724609375 0.90625 0.3291015625 0.1875
1 0.71337890625 0.9091796875 0.06640625 0.0634765625
1 0.91552734375 0.9423828125 0.0673828125 0.107421875
1 0.56494140625 0.9677734375 0.08203125 0.064453125