1 0.78076171875 0.09912109375 0.0556640625 0.060546875
0 0.18505859375 0.1083984375 0.0869140625 0.0947265625
1 0.8896484375 0.123046875 0.109375 0.130859375
1 0.05712890625 0.2744140625 0.1142578125 0.1962890625
1 0.95556640625 0.27734375 0.0888671875 0.11328125
2 0.36572265625 0.33056640625 0.4716796875 0.3125
1 0.685546875 0.4580078125 0.1201171875 0.1298828125
1 0.89990234375 0.51953125 0.2001953125 0.3310546875
2 0.5517578125 0.07470703125 0.34765625 0.1494140625
1 0.244140625 0.751953125 0.4873046875 0.49609375
2 0.6337890625 0.85107421875 0.26171875 0.216796875
1 0.89208984375 0.86328125 0.2158203125 0.2734375