1 0.666015625 0.9794921875 0.0498046875 0.041015625
1 0.7177734375 0.1025390625 0.0556640625 0.052734375
0 0.48046875 0.10986328125 0.19921875 0.1982421875
2 0.30224609375 0.16259765625 0.1376953125 0.3203125
1 0.1982421875 0.18017578125 0.0537109375 0.0546875
1 0.77294921875 0.27099609375 0.0458984375 0.041015625
1 0.85107421875 0.33935546875 0.09765625 0.1103515625
1 0.9443359375 0.3583984375 0.0546875 0.0634765625
0 0.47412109375 0.388671875 0.1611328125 0.1748046875
0 0.275390625 0.39990234375 0.177734375 0.1298828125
1 0.86376953125 0.42431640625 0.0498046875 0.0439453125
1 0.70361328125 0.43603515625 0.1181640625 0.1083984375
1 0.8193359375 0.50732421875 0.03515625 0.0341796875
1 0.96728515625 0.05078125 0.0419921875 0.03515625
2 0.08837890625 0.5185546875 0.1767578125 0.2744140625
1 0.32275390625 0.52099609375 0.0517578125 0.060546875
1 0.65380859375 0.548828125 0.0322265625 0.0263671875
1 0.54296875 0.55126953125 0.0869140625 0.0830078125
1 0.9287109375 0.5771484375 0.0859375 0.06640625
1 0.62841796875 0.59130859375 0.0478515625 0.041015625
1 0.79541015625 0.623046875 0.0439453125 0.046875
2 0.2958984375 0.64892578125 0.19140625 0.1787109375
1 0.50390625 0.666015625 0.048828125 0.0576171875
1 0.888671875 0.67041015625 0.111328125 0.1044921875
1 0.69677734375 0.69580078125 0.072265625 0.0419921875
1 0.54443359375 0.7509765625 0.0380859375 0.0283203125
1 0.63427734375 0.75341796875 0.0400390625 0.029296875
1 0.7626953125 0.767578125 0.03125 0.0263671875
1 0.955078125 0.76806640625 0.078125 0.068359375
1 0.81982421875 0.84423828125 0.0556640625 0.0546875
1 0.41650390625 0.8798828125 0.095703125 0.091796875
2 0.1787109375 0.89013671875 0.3515625 0.2197265625
1 0.7138671875 0.904296875 0.0546875 0.0498046875
1 0.90625 0.93505859375 0.0693359375 0.080078125
1 0.56396484375 0.970703125 0.0537109375 0.056640625