1 0.109375 0.9765625 0.0673828125 0.046875
1 0.04931640625 0.126953125 0.09765625 0.0771484375
0 0.0595703125 0.02294921875 0.119140625 0.0419921875
0 0.50341796875 0.03662109375 0.314453125 0.0732421875
2 0.90576171875 0.380859375 0.1884765625 0.4052734375
0 0.5166015625 0.4267578125 0.546875 0.482421875
0 0.099609375 0.44384765625 0.193359375 0.328125
1 0.95458984375 0.701171875 0.0908203125 0.1328125
2 0.763671875 0.75927734375 0.265625 0.16015625
2 0.07470703125 0.76953125 0.140625 0.2802734375
2 0.841796875 0.0771484375 0.31640625 0.154296875
2 0.23876953125 0.0810546875 0.1962890625 0.1572265625
2 0.38818359375 0.84130859375 0.435546875 0.3173828125
1 0.81396484375 0.9365234375 0.3720703125 0.126953125