1 0.73291015625 0.16748046875 0.0703125 0.056640625
0 0.466796875 0.1787109375 0.240234375 0.2080078125
1 0.11669921875 0.2314453125 0.0751953125 0.0712890625
0 0.59130859375 0.02734375 0.1259765625 0.0546875
1 0.818359375 0.33203125 0.0654296875 0.05859375
1 0.92919921875 0.41015625 0.1416015625 0.1435546875
0 0.1484375 0.470703125 0.296875 0.2626953125
0 0.44775390625 0.482421875 0.240234375 0.2333984375
1 0.97216796875 0.529296875 0.0556640625 0.0732421875
1 0.76318359375 0.5341796875 0.1884765625 0.169921875
0 0.12109375 0.05419921875 0.2421875 0.1083984375
1 0.75341796875 0.06005859375 0.185546875 0.1201171875
1 0.94580078125 0.63818359375 0.0537109375 0.052734375
1 0.21240234375 0.6689453125 0.1025390625 0.1064453125
1 0.7998046875 0.68896484375 0.0556640625 0.0576171875
1 0.5576171875 0.71630859375 0.1337890625 0.146484375
0 0.3828125 0.73779296875 0.193359375 0.201171875
2 0.078125 0.8056640625 0.130859375 0.380859375
1 0.72705078125 0.81494140625 0.16015625 0.1494140625
1 0.9521484375 0.826171875 0.0791015625 0.0888671875
1 0.50244140625 0.9169921875 0.09375 0.1142578125
2 0.29931640625 0.9248046875 0.2880859375 0.146484375
1 0.81982421875 0.9560546875 0.1376953125 0.087890625