0 0.26171875 0.23876953125 0.5234375 0.4775390625
2 0.64208984375 0.24609375 0.2158203125 0.4912109375
1 0.88623046875 0.49267578125 0.2275390625 0.1953125
1 0.626953125 0.5595703125 0.150390625 0.1142578125
2 0.265625 0.58935546875 0.53125 0.201171875
1 0.58251953125 0.66357421875 0.0576171875 0.052734375
1 0.83447265625 0.7041015625 0.0732421875 0.1025390625
1 0.7333984375 0.7744140625 0.05859375 0.0556640625
1 0.96630859375 0.08154296875 0.0673828125 0.091796875
1 0.84619140625 0.8173828125 0.0888671875 0.1103515625
1 0.44091796875 0.8515625 0.4384765625 0.296875
1 0.80859375 0.9697265625 0.130859375 0.060546875