0 0.49169921875 0.09912109375 0.2197265625 0.1982421875
2 0.3125 0.150390625 0.103515625 0.2919921875
1 0.1826171875 0.1611328125 0.056640625 0.07421875
1 0.78564453125 0.251953125 0.0546875 0.0478515625
1 0.8720703125 0.3291015625 0.0947265625 0.1123046875
1 0.96728515625 0.3525390625 0.0654296875 0.0849609375
0 0.4736328125 0.38232421875 0.17578125 0.193359375
0 0.2861328125 0.38623046875 0.15625 0.1669921875
1 0.7080078125 0.435546875 0.14453125 0.1083984375
1 0.83251953125 0.50830078125 0.0419921875 0.0390625
2 0.09375 0.5087890625 0.1875 0.2900390625
1 0.31787109375 0.5234375 0.0673828125 0.0732421875
1 0.54052734375 0.55322265625 0.1064453125 0.08984375
1 0.94970703125 0.572265625 0.1005859375 0.0732421875
1 0.64599609375 0.6025390625 0.0712890625 0.0751953125
1 0.80224609375 0.6259765625 0.0498046875 0.046875
2 0.2998046875 0.66796875 0.1875 0.1943359375
1 0.505859375 0.67041015625 0.060546875 0.0673828125
1 0.9150390625 0.6728515625 0.1337890625 0.099609375
1 0.712890625 0.701171875 0.0908203125 0.0498046875
1 0.62939453125 0.72900390625 0.0322265625 0.0751953125
1 0.55078125 0.75439453125 0.037109375 0.046875
1 0.77294921875 0.77490234375 0.033203125 0.04296875
1 0.97021484375 0.78369140625 0.0595703125 0.0712890625
1 0.73095703125 0.08154296875 0.060546875 0.07421875
1 0.8369140625 0.8544921875 0.0712890625 0.05859375
2 0.1767578125 0.890625 0.34765625 0.21875
1 0.4150390625 0.8974609375 0.1044921875 0.11328125
1 0.72412109375 0.92578125 0.0615234375 0.0595703125
1 0.927734375 0.953125 0.080078125 0.09375
1 0.568359375 0.970703125 0.076171875 0.05859375