0 0.23974609375 0.162109375 0.4775390625 0.32421875
2 0.59228515625 0.2158203125 0.1982421875 0.4267578125
1 0.8798828125 0.26904296875 0.072265625 0.0771484375
1 0.96240234375 0.03173828125 0.076171875 0.0634765625
1 0.87451171875 0.4287109375 0.2509765625 0.1728515625
2 0.2421875 0.49462890625 0.484375 0.3251953125
1 0.5986328125 0.5068359375 0.1416015625 0.1220703125
1 0.56201171875 0.6220703125 0.05859375 0.060546875
1 0.931640625 0.6962890625 0.0791015625 0.09375
1 0.81591796875 0.705078125 0.0869140625 0.2041015625
1 0.70166015625 0.7236328125 0.0595703125 0.0634765625
1 0.4052734375 0.83349609375 0.4814453125 0.330078125
1 0.75439453125 0.9208984375 0.1552734375 0.158203125