2 0.23486328125 0.09765625 0.17578125 0.1953125
0 0.16162109375 0.33837890625 0.3232421875 0.26171875
0 0.50244140625 0.3505859375 0.255859375 0.2666015625
1 0.88916015625 0.4189453125 0.21875 0.1640625
1 0.095703125 0.05029296875 0.068359375 0.076171875
1 0.2568359375 0.5556640625 0.087890625 0.0810546875
1 0.61474609375 0.61279296875 0.1337890625 0.13671875
0 0.5634765625 0.0634765625 0.4609375 0.126953125
2 0.10302734375 0.66162109375 0.2001953125 0.3662109375
0 0.44873046875 0.67626953125 0.177734375 0.1025390625
1 0.759765625 0.6826171875 0.08203125 0.0810546875
1 0.5439453125 0.80322265625 0.0751953125 0.09765625
2 0.35595703125 0.8701171875 0.2802734375 0.2607421875
1 0.880859375 0.873046875 0.12890625 0.0712890625
0 0.0869140625 0.91552734375 0.173828125 0.1171875
1 0.6171875 0.951171875 0.05078125 0.046875
1 0.7783203125 0.9716796875 0.05078125 0.048828125