1 0.5732421875 0.98095703125 0.05078125 0.0380859375
0 0.52783203125 0.12939453125 0.3408203125 0.2587890625
2 0.25830078125 0.14306640625 0.1728515625 0.2861328125
1 0.125 0.17236328125 0.0634765625 0.0615234375
2 0.85546875 0.185546875 0.2890625 0.0927734375
1 0.85888671875 0.27587890625 0.0556640625 0.0537109375
1 0.95703125 0.3662109375 0.0859375 0.15625
0 0.15771484375 0.41162109375 0.3154296875 0.2275390625
0 0.46923828125 0.43115234375 0.2197265625 0.2177734375
1 0.2421875 0.60791015625 0.078125 0.0830078125
2 0.07958984375 0.06494140625 0.1591796875 0.1298828125
1 0.56591796875 0.6591796875 0.1240234375 0.126953125
1 0.69140625 0.72021484375 0.0673828125 0.0634765625
2 0.09716796875 0.73974609375 0.1923828125 0.4052734375
1 0.51318359375 0.84130859375 0.068359375 0.0908203125
1 0.7744140625 0.08544921875 0.0576171875 0.068359375
2 0.33740234375 0.8798828125 0.2587890625 0.2412109375
1 0.8134765625 0.89501953125 0.1064453125 0.0712890625