0 0.5302734375 0.11181640625 0.3486328125 0.2236328125
1 0.1044921875 0.11962890625 0.068359375 0.0654296875
2 0.2509765625 0.14794921875 0.1875 0.2080078125
1 0.8671875 0.23486328125 0.0517578125 0.0537109375
1 0.78125 0.029296875 0.07421875 0.05859375
1 0.9599609375 0.33056640625 0.080078125 0.1669921875
0 0.15673828125 0.37890625 0.3125 0.234375
0 0.4658203125 0.39794921875 0.2197265625 0.2255859375
0 0.93017578125 0.04345703125 0.1396484375 0.0869140625
1 0.78369140625 0.458984375 0.1640625 0.134765625
1 0.95751953125 0.556640625 0.0478515625 0.0537109375
1 0.244140625 0.578125 0.0810546875 0.078125
1 0.56396484375 0.62158203125 0.1220703125 0.1201171875
0 0.412109375 0.63232421875 0.1630859375 0.185546875
1 0.68701171875 0.67626953125 0.056640625 0.05859375
2 0.09814453125 0.68017578125 0.1904296875 0.33984375
1 0.5078125 0.79296875 0.056640625 0.0859375
1 0.79150390625 0.84228515625 0.09765625 0.0537109375
2 0.33642578125 0.86767578125 0.2607421875 0.265625
1 0.56884765625 0.923828125 0.0390625 0.0400390625
0 0.0791015625 0.9306640625 0.158203125 0.138671875
1 0.70458984375 0.93408203125 0.046875 0.0478515625
1 0.89794921875 0.951171875 0.0556640625 0.0615234375