1 0.759765625 0.13818359375 0.0625 0.0615234375
0 0.53515625 0.17236328125 0.31640625 0.2421875
1 0.13623046875 0.21240234375 0.0654296875 0.0537109375
2 0.275390625 0.22119140625 0.177734375 0.2080078125
2 0.85302734375 0.22705078125 0.2939453125 0.0830078125
1 0.8525390625 0.30908203125 0.052734375 0.056640625
1 0.95458984375 0.400390625 0.0908203125 0.1611328125
0 0.16162109375 0.4482421875 0.3173828125 0.22265625
0 0.470703125 0.46875 0.2216796875 0.21484375
0 0.11767578125 0.048828125 0.2353515625 0.0927734375
1 0.7939453125 0.52490234375 0.16015625 0.1416015625
1 0.23876953125 0.64697265625 0.0849609375 0.078125
1 0.57080078125 0.69482421875 0.1142578125 0.125
1 0.69873046875 0.7568359375 0.072265625 0.0732421875
2 0.09326171875 0.787109375 0.1865234375 0.4267578125
1 0.97021484375 0.8154296875 0.0595703125 0.068359375
1 0.5107421875 0.8935546875 0.078125 0.1025390625
2 0.33154296875 0.90185546875 0.255859375 0.197265625
1 0.83203125 0.951171875 0.1142578125 0.076171875