1 0.6630859375 0.98046875 0.04296875 0.0390625
0 0.48974609375 0.1142578125 0.2275390625 0.2041015625
1 0.2001953125 0.17724609375 0.0625 0.056640625
2 0.3046875 0.18701171875 0.130859375 0.255859375
1 0.7685546875 0.26220703125 0.0478515625 0.0498046875
1 0.8525390625 0.3349609375 0.0986328125 0.091796875
1 0.9482421875 0.34912109375 0.05859375 0.056640625
0 0.47509765625 0.38720703125 0.1669921875 0.16796875
0 0.2822265625 0.39794921875 0.1640625 0.146484375
1 0.8671875 0.42529296875 0.044921875 0.044921875
1 0.70458984375 0.43408203125 0.1259765625 0.1025390625
2 0.0966796875 0.50244140625 0.1875 0.2783203125
1 0.82373046875 0.5068359375 0.0400390625 0.0283203125
1 0.97021484375 0.05126953125 0.0478515625 0.04296875
1 0.32080078125 0.517578125 0.0654296875 0.0576171875
1 0.5458984375 0.5517578125 0.08984375 0.0830078125
1 0.93701171875 0.576171875 0.0830078125 0.0615234375
1 0.62939453125 0.59033203125 0.0458984375 0.04296875
1 0.79638671875 0.62158203125 0.0478515625 0.04296875
2 0.29345703125 0.65234375 0.1787109375 0.1904296875
1 0.50537109375 0.66455078125 0.0517578125 0.0546875
1 0.8916015625 0.66845703125 0.12109375 0.099609375
1 0.69775390625 0.69384765625 0.0732421875 0.0361328125
1 0.54833984375 0.744140625 0.0322265625 0.0380859375
1 0.63525390625 0.75244140625 0.0302734375 0.0283203125
1 0.76318359375 0.765625 0.0361328125 0.0302734375
1 0.95458984375 0.76806640625 0.0830078125 0.0625
1 0.8193359375 0.84130859375 0.0625 0.052734375
1 0.4169921875 0.87890625 0.09375 0.09375
2 0.1806640625 0.88427734375 0.35546875 0.216796875
1 0.7119140625 0.9013671875 0.05859375 0.0517578125
1 0.90625 0.9345703125 0.076171875 0.0830078125
1 0.71923828125 0.095703125 0.0654296875 0.0576171875
1 0.5634765625 0.9736328125 0.05859375 0.052734375