1 0.55029296875 0.11376953125 0.2509765625 0.2275390625
1 0.81591796875 0.3095703125 0.1494140625 0.1455078125
1 0.53271484375 0.33642578125 0.0634765625 0.0791015625
2 0.173828125 0.41650390625 0.337890625 0.4375
1 0.58447265625 0.43798828125 0.0693359375 0.0634765625
1 0.71826171875 0.458984375 0.0556640625 0.1123046875
1 0.85009765625 0.46533203125 0.0888671875 0.12109375
1 0.40966796875 0.55126953125 0.1025390625 0.10546875
1 0.57958984375 0.60400390625 0.1572265625 0.23828125
1 0.86376953125 0.6142578125 0.0888671875 0.1611328125
1 0.943359375 0.71728515625 0.048828125 0.08984375
1 0.10791015625 0.8232421875 0.2158203125 0.353515625
2 0.35791015625 0.8310546875 0.2412109375 0.337890625
1 0.76220703125 0.083984375 0.1357421875 0.16796875
1 0.6142578125 0.880859375 0.16015625 0.2333984375
1 0.0771484375 0.091796875 0.15234375 0.1787109375
2 0.2880859375 0.09375 0.2421875 0.1875
1 0.76318359375 0.9345703125 0.0830078125 0.130859375
1 0.875 0.953125 0.076171875 0.09375