1 0.71875 0.0986328125 0.080078125 0.0869140625
0 0.48876953125 0.109375 0.203125 0.2099609375
1 0.189453125 0.171875 0.0732421875 0.0810546875
2 0.30517578125 0.171875 0.1201171875 0.1591796875
2 0.84521484375 0.189453125 0.3095703125 0.0712890625
0 0.03955078125 0.22119140625 0.0791015625 0.1171875
1 0.77490234375 0.25927734375 0.052734375 0.0537109375
1 0.89892578125 0.34423828125 0.1728515625 0.130859375
0 0.22705078125 0.36767578125 0.2578125 0.18359375
0 0.02001953125 0.03857421875 0.0400390625 0.076171875
0 0.47412109375 0.3896484375 0.1728515625 0.1689453125
1 0.703125 0.42626953125 0.1396484375 0.11328125
1 0.97802734375 0.04345703125 0.0439453125 0.06640625
1 0.82568359375 0.5087890625 0.041015625 0.0400390625
1 0.318359375 0.525390625 0.072265625 0.0810546875
2 0.140625 0.54931640625 0.255859375 0.15234375
1 0.5458984375 0.556640625 0.0947265625 0.1005859375
0 0.42529296875 0.5615234375 0.1142578125 0.130859375
1 0.6416015625 0.5771484375 0.068359375 0.087890625
1 0.88720703125 0.63232421875 0.2216796875 0.1865234375
1 0.50830078125 0.67529296875 0.0673828125 0.076171875
1 0.70068359375 0.70361328125 0.0791015625 0.05078125
0 0.142578125 0.7158203125 0.2021484375 0.1533203125
2 0.369140625 0.72314453125 0.185546875 0.15234375
1 0.544921875 0.755859375 0.0341796875 0.0419921875
1 0.6376953125 0.76025390625 0.0390625 0.03125
1 0.77099609375 0.77197265625 0.041015625 0.0390625
1 0.95654296875 0.779296875 0.0869140625 0.0771484375
1 0.82373046875 0.849609375 0.076171875 0.0771484375
1 0.41015625 0.89208984375 0.123046875 0.111328125
2 0.1640625 0.90625 0.318359375 0.1875
1 0.71435546875 0.91552734375 0.076171875 0.064453125
1 0.91650390625 0.947265625 0.0849609375 0.10546875
1 0.56640625 0.9755859375 0.087890625 0.048828125