2 0.220703125 0.11328125 0.205078125 0.2216796875
1 0.88525390625 0.1591796875 0.0654296875 0.0595703125
1 0.96240234375 0.2587890625 0.0751953125 0.146484375
1 0.06591796875 0.0322265625 0.0751953125 0.0634765625
0 0.4560546875 0.33349609375 0.23828125 0.2412109375
0 0.2021484375 0.34033203125 0.203125 0.203125
1 0.78369140625 0.396484375 0.1708984375 0.1396484375
0 0.4912109375 0.04248046875 0.19921875 0.080078125
1 0.9423828125 0.49560546875 0.05078125 0.044921875
1 0.2451171875 0.51708984375 0.0791015625 0.0615234375
1 0.55517578125 0.560546875 0.1123046875 0.1083984375
2 0.1005859375 0.60888671875 0.1953125 0.318359375
1 0.671875 0.61474609375 0.072265625 0.0537109375
1 0.90576171875 0.658203125 0.0673828125 0.0537109375
1 0.97412109375 0.6962890625 0.0517578125 0.1181640625
1 0.50244140625 0.7177734375 0.0576171875 0.0751953125
1 0.77099609375 0.7568359375 0.0986328125 0.0478515625
2 0.33740234375 0.78515625 0.2470703125 0.296875
1 0.56005859375 0.8271484375 0.0517578125 0.0439453125
1 0.85498046875 0.849609375 0.0478515625 0.04296875
1 0.935546875 0.95556640625 0.083984375 0.07421875
1 0.3564453125 0.9736328125 0.078125 0.052734375