1 0.79052734375 0.97998046875 0.05078125 0.041015625
0 0.888671875 0.21240234375 0.22265625 0.146484375
0 0.1591796875 0.32958984375 0.318359375 0.2685546875
0 0.5009765625 0.345703125 0.2685546875 0.271484375
1 0.080078125 0.03564453125 0.080078125 0.0712890625
1 0.89599609375 0.423828125 0.2080078125 0.1640625
1 0.24853515625 0.556640625 0.0849609375 0.087890625
0 0.55712890625 0.05859375 0.4921875 0.1171875
1 0.62060546875 0.615234375 0.130859375 0.13671875
2 0.9091796875 0.0634765625 0.181640625 0.126953125
2 0.09814453125 0.6728515625 0.1962890625 0.3935546875
0 0.4521484375 0.68115234375 0.185546875 0.107421875
1 0.548828125 0.81689453125 0.0751953125 0.1005859375
2 0.35595703125 0.87353515625 0.2900390625 0.2529296875
1 0.89892578125 0.8876953125 0.1259765625 0.0712890625
2 0.216796875 0.091796875 0.1630859375 0.18359375
0 0.07958984375 0.93505859375 0.1591796875 0.107421875
1 0.61962890625 0.9658203125 0.0556640625 0.056640625