0 0.5302734375 0.1318359375 0.31640625 0.263671875
2 0.2705078125 0.18212890625 0.177734375 0.212890625
1 0.125 0.18310546875 0.078125 0.0634765625
2 0.85205078125 0.19775390625 0.2958984375 0.087890625
1 0.85888671875 0.283203125 0.0654296875 0.05859375
1 0.96044921875 0.375 0.0791015625 0.154296875
0 0.1591796875 0.41650390625 0.318359375 0.2373046875
0 0.46923828125 0.4384765625 0.2197265625 0.2177734375
1 0.24462890625 0.619140625 0.078125 0.0810546875
1 0.5732421875 0.66650390625 0.119140625 0.126953125
1 0.69384765625 0.7275390625 0.072265625 0.0634765625
2 0.099609375 0.75830078125 0.1923828125 0.427734375
1 0.509765625 0.8544921875 0.0751953125 0.0927734375
2 0.33642578125 0.88818359375 0.255859375 0.2236328125
1 0.81591796875 0.908203125 0.111328125 0.068359375
1 0.76220703125 0.0966796875 0.0673828125 0.06640625