1 0.83447265625 0.18310546875 0.119140625 0.1416015625
2 0.23193359375 0.19287109375 0.4638671875 0.3857421875
1 0.55859375 0.33447265625 0.1533203125 0.3955078125
1 0.701171875 0.38330078125 0.091796875 0.1904296875
1 0.8427734375 0.45556640625 0.111328125 0.3349609375
1 0.3681640625 0.46142578125 0.119140625 0.1220703125
2 0.1455078125 0.47119140625 0.291015625 0.1171875
1 0.70263671875 0.048828125 0.294921875 0.09765625
2 0.31005859375 0.77587890625 0.25 0.4482421875
0 0.08349609375 0.80908203125 0.1669921875 0.3828125
1 0.54248046875 0.810546875 0.1904296875 0.3515625
1 0.77197265625 0.8369140625 0.228515625 0.2529296875