1 0.86962890625 0.103515625 0.0712890625 0.0859375
0 0.2265625 0.1943359375 0.451171875 0.388671875
2 0.56884765625 0.203125 0.2138671875 0.3583984375
1 0.96484375 0.26611328125 0.0703125 0.1796875
1 0.8115234375 0.4287109375 0.21484375 0.2626953125
1 0.55810546875 0.54443359375 0.1376953125 0.123046875
2 0.23828125 0.5458984375 0.470703125 0.2939453125
1 0.52001953125 0.65087890625 0.0537109375 0.0595703125
1 0.87841796875 0.71923828125 0.0634765625 0.0859375
1 0.76025390625 0.73486328125 0.0927734375 0.21875
1 0.66162109375 0.7509765625 0.0517578125 0.0556640625
2 0.0693359375 0.8505859375 0.13671875 0.298828125
1 0.373046875 0.85107421875 0.455078125 0.294921875
1 0.72802734375 0.9501953125 0.1259765625 0.099609375