0 0.291015625 0.25244140625 0.58203125 0.5048828125
2 0.78076171875 0.2685546875 0.3857421875 0.2392578125
1 0.92578125 0.490234375 0.1484375 0.1591796875
1 0.72607421875 0.560546875 0.080078125 0.125
2 0.45166015625 0.60693359375 0.2998046875 0.185546875
1 0.64453125 0.66845703125 0.0615234375 0.0556640625
1 0.9150390625 0.6865234375 0.0625 0.056640625
1 0.94189453125 0.75732421875 0.0595703125 0.0595703125
2 0.14599609375 0.7587890625 0.2919921875 0.482421875
1 0.81005859375 0.80126953125 0.0625 0.068359375
1 0.95166015625 0.849609375 0.08203125 0.1123046875
1 0.5263671875 0.8544921875 0.44140625 0.291015625
1 0.87451171875 0.8994140625 0.0556640625 0.0654296875