1 0.884765625 0.15185546875 0.0732421875 0.0751953125
1 0.048828125 0.0244140625 0.0888671875 0.048828125
1 0.95947265625 0.26171875 0.0810546875 0.1396484375
0 0.45947265625 0.3310546875 0.2490234375 0.248046875
0 0.1552734375 0.3330078125 0.3046875 0.212890625
1 0.779296875 0.3896484375 0.193359375 0.1689453125
1 0.943359375 0.501953125 0.0654296875 0.0625
2 0.91064453125 0.05126953125 0.1787109375 0.095703125
1 0.24609375 0.517578125 0.1044921875 0.109375
1 0.55615234375 0.55859375 0.1337890625 0.1240234375
0 0.39794921875 0.5634765625 0.1494140625 0.1650390625
2 0.0966796875 0.61181640625 0.171875 0.3125
1 0.681640625 0.6142578125 0.0732421875 0.0791015625
1 0.935546875 0.6708984375 0.12890625 0.103515625
1 0.50537109375 0.71337890625 0.072265625 0.078125
0 0.57666015625 0.07373046875 0.3828125 0.1474609375
1 0.76611328125 0.76123046875 0.1015625 0.076171875
2 0.33056640625 0.76220703125 0.2568359375 0.2080078125
1 0.5634765625 0.822265625 0.1064453125 0.0498046875
0 0.09033203125 0.83203125 0.1806640625 0.1005859375
1 0.8564453125 0.8486328125 0.0517578125 0.0478515625
0 0.58056640625 0.93359375 0.234375 0.1328125
2 0.138671875 0.94482421875 0.27734375 0.1103515625
1 0.92919921875 0.94970703125 0.103515625 0.091796875
2 0.2373046875 0.0966796875 0.2744140625 0.1884765625
1 0.3525390625 0.96484375 0.11328125 0.0703125