1 0.91259765625 0.9794921875 0.0732421875 0.041015625
0 0.48974609375 0.09912109375 0.2822265625 0.1982421875
1 0.10986328125 0.14501953125 0.0830078125 0.0830078125
1 0.86328125 0.25 0.0693359375 0.0693359375
1 0.9560546875 0.3447265625 0.087890625 0.1513671875
0 0.20751953125 0.03857421875 0.171875 0.0771484375
1 0.77978515625 0.03857421875 0.08984375 0.0771484375
0 0.1591796875 0.40478515625 0.318359375 0.25
0 0.47021484375 0.41455078125 0.240234375 0.23046875
1 0.79052734375 0.47021484375 0.1806640625 0.185546875
0 0.9404296875 0.05419921875 0.1181640625 0.1044921875
1 0.970703125 0.58154296875 0.0576171875 0.068359375
0 0.3818359375 0.5986328125 0.1162109375 0.0849609375
1 0.244140625 0.60595703125 0.0927734375 0.10546875
1 0.81103515625 0.625 0.0546875 0.0693359375
1 0.5693359375 0.63623046875 0.1416015625 0.134765625
0 0.40966796875 0.70458984375 0.142578125 0.095703125
2 0.09716796875 0.70849609375 0.173828125 0.322265625
1 0.71630859375 0.7275390625 0.103515625 0.1142578125
1 0.95947265625 0.75634765625 0.0732421875 0.08203125
2 0.2666015625 0.7734375 0.123046875 0.2138671875
2 0.396484375 0.82080078125 0.125 0.1220703125
1 0.50634765625 0.82958984375 0.0771484375 0.1044921875
1 0.81494140625 0.87890625 0.11328125 0.0810546875
2 0.33349609375 0.9453125 0.4228515625 0.1064453125
0 0.0478515625 0.9609375 0.0947265625 0.078125
1 0.5810546875 0.9697265625 0.05859375 0.052734375
1 0.72509765625 0.9697265625 0.0458984375 0.060546875