0 0.490234375 0.267578125 0.3779296875 0.3935546875
0 0.1162109375 0.29443359375 0.232421875 0.291015625
1 0.953125 0.4150390625 0.09375 0.1025390625
1 0.134765625 0.56396484375 0.1025390625 0.1123046875
1 0.65966796875 0.65185546875 0.1943359375 0.205078125
2 0.14306640625 0.068359375 0.2861328125 0.13671875
0 0.94482421875 0.07470703125 0.1103515625 0.1494140625
0 0.41455078125 0.7421875 0.265625 0.1318359375
1 0.8671875 0.7607421875 0.1259765625 0.1103515625
2 0.134765625 0.8173828125 0.26953125 0.365234375
2 0.38623046875 0.91162109375 0.2001953125 0.177734375
1 0.55224609375 0.93212890625 0.1025390625 0.1357421875