1 0.66259765625 0.98095703125 0.046875 0.0380859375
1 0.71923828125 0.10205078125 0.046875 0.0546875
0 0.49560546875 0.10986328125 0.2314453125 0.2041015625
2 0.302734375 0.15087890625 0.134765625 0.3017578125
1 0.19775390625 0.18017578125 0.0546875 0.0546875
1 0.77294921875 0.27099609375 0.0439453125 0.041015625
1 0.84814453125 0.3408203125 0.0908203125 0.103515625
1 0.943359375 0.361328125 0.056640625 0.0693359375
0 0.2744140625 0.38916015625 0.185546875 0.1494140625
0 0.47412109375 0.3916015625 0.1708984375 0.1748046875
1 0.86767578125 0.42333984375 0.0458984375 0.0419921875
1 0.69970703125 0.4375 0.123046875 0.1044921875
1 0.966796875 0.04931640625 0.04296875 0.041015625
2 0.08544921875 0.49365234375 0.1708984375 0.267578125
1 0.81689453125 0.50634765625 0.0380859375 0.0322265625
1 0.3212890625 0.51904296875 0.05859375 0.0576171875
1 0.54296875 0.55078125 0.0869140625 0.0849609375
1 0.92529296875 0.57470703125 0.078125 0.05859375
1 0.62890625 0.59228515625 0.048828125 0.0390625
1 0.79345703125 0.62109375 0.046875 0.04296875
1 0.5068359375 0.66455078125 0.0458984375 0.060546875
1 0.8876953125 0.66650390625 0.10546875 0.109375
2 0.32958984375 0.6669921875 0.2900390625 0.1298828125
1 0.6923828125 0.69482421875 0.06640625 0.04296875
1 0.54541015625 0.74853515625 0.0341796875 0.029296875
1 0.634765625 0.75048828125 0.033203125 0.0283203125
1 0.95263671875 0.763671875 0.07421875 0.068359375
1 0.76416015625 0.7646484375 0.03125 0.0263671875
1 0.81884765625 0.8447265625 0.0595703125 0.0556640625
1 0.41650390625 0.8798828125 0.095703125 0.091796875
2 0.1767578125 0.89501953125 0.353515625 0.2099609375
1 0.7138671875 0.8994140625 0.0517578125 0.0556640625
1 0.90625 0.93359375 0.0693359375 0.080078125
1 0.56298828125 0.970703125 0.0458984375 0.046875