0 0.5029296875 0.1064453125 0.2685546875 0.212890625
1 0.15380859375 0.13427734375 0.0888671875 0.0810546875
2 0.2900390625 0.13818359375 0.109375 0.1865234375
2 0.86279296875 0.14306640625 0.2744140625 0.0859375
0 0.00927734375 0.17822265625 0.0185546875 0.1220703125
1 0.80712890625 0.23388671875 0.056640625 0.0576171875
1 0.921875 0.34765625 0.15625 0.1953125
0 0.17236328125 0.36181640625 0.3447265625 0.205078125
0 0.47021484375 0.376953125 0.193359375 0.1943359375
1 0.7255859375 0.4248046875 0.14453125 0.1455078125
1 0.74951171875 0.04296875 0.0849609375 0.0859375
1 0.859375 0.50830078125 0.0458984375 0.046875
1 0.294921875 0.525390625 0.0810546875 0.0810546875
1 0.552734375 0.55712890625 0.109375 0.1171875
2 0.125 0.57275390625 0.240234375 0.1806640625
0 0.419921875 0.57421875 0.1279296875 0.1396484375
1 0.65478515625 0.5830078125 0.0703125 0.1103515625
1 0.90283203125 0.65087890625 0.1943359375 0.2080078125
1 0.5048828125 0.68896484375 0.0576171875 0.0673828125
1 0.72265625 0.724609375 0.087890625 0.0615234375
2 0.35546875 0.7509765625 0.212890625 0.173828125
0 0.12109375 0.7587890625 0.216796875 0.1455078125
1 0.55078125 0.7861328125 0.05078125 0.056640625
1 0.65234375 0.78857421875 0.05078125 0.05859375
1 0.98291015625 0.8017578125 0.0341796875 0.06640625
1 0.79736328125 0.80615234375 0.05078125 0.048828125
1 0.86083984375 0.89453125 0.083984375 0.0810546875
2 0.16552734375 0.9248046875 0.318359375 0.150390625
1 0.3974609375 0.93310546875 0.119140625 0.1162109375
1 0.73828125 0.962890625 0.072265625 0.0732421875
1 0.95947265625 0.9658203125 0.0732421875 0.068359375