1 0.849609375 0.982421875 0.12109375 0.03515625
1 0.75439453125 0.177734375 0.0673828125 0.0546875
0 0.53076171875 0.2001953125 0.3037109375 0.1875
1 0.15576171875 0.25390625 0.0703125 0.048828125
2 0.85009765625 0.27294921875 0.2998046875 0.0751953125
2 0.28564453125 0.275390625 0.1357421875 0.2646484375
1 0.84814453125 0.34228515625 0.0439453125 0.0341796875
0 0.0654296875 0.41064453125 0.130859375 0.12890625
1 0.95458984375 0.41552734375 0.0908203125 0.1064453125
0 0.7001953125 0.04638671875 0.3251953125 0.08984375
0 0.47314453125 0.4931640625 0.2119140625 0.203125
0 0.23388671875 0.50390625 0.1748046875 0.158203125
0 0.14013671875 0.05517578125 0.2353515625 0.1103515625
1 0.7958984375 0.55615234375 0.1611328125 0.1298828125
2 0.06396484375 0.6123046875 0.1279296875 0.2373046875
1 0.71923828125 0.65673828125 0.0263671875 0.021484375
1 0.24658203125 0.68017578125 0.0791015625 0.0869140625
1 0.7373046875 0.68798828125 0.025390625 0.017578125
1 0.6748046875 0.69873046875 0.0224609375 0.0283203125
1 0.740234375 0.72412109375 0.0537109375 0.0419921875
1 0.5712890625 0.72509765625 0.1279296875 0.1396484375
0 0.4111328125 0.79296875 0.15625 0.09375
1 0.71337890625 0.7939453125 0.0654296875 0.060546875
1 0.97900390625 0.85595703125 0.0419921875 0.0673828125
1 0.76416015625 0.861328125 0.0341796875 0.0390625
2 0.16162109375 0.87060546875 0.3173828125 0.2587890625
1 0.80810546875 0.896484375 0.0302734375 0.029296875
1 0.521484375 0.9404296875 0.0712890625 0.09765625