1 0.716796875 0.107421875 0.078125 0.0732421875
0 0.4912109375 0.1171875 0.22265625 0.2216796875
0 0.138671875 0.0146484375 0.083984375 0.029296875
1 0.19921875 0.17822265625 0.068359375 0.0703125
1 0.76611328125 0.27001953125 0.05859375 0.0517578125
1 0.85302734375 0.3310546875 0.09765625 0.103515625
1 0.9482421875 0.3564453125 0.0615234375 0.0625
0 0.47705078125 0.3955078125 0.201171875 0.171875
0 0.30615234375 0.40478515625 0.1455078125 0.138671875
1 0.7060546875 0.43017578125 0.158203125 0.1279296875
2 0.10888671875 0.50048828125 0.2001953125 0.2314453125
1 0.9697265625 0.052734375 0.0361328125 0.0458984375
1 0.314453125 0.5244140625 0.0869140625 0.0830078125
1 0.5390625 0.5546875 0.10546875 0.0859375
1 0.6337890625 0.59423828125 0.068359375 0.0556640625
1 0.869140625 0.62939453125 0.2197265625 0.1796875
1 0.50244140625 0.66748046875 0.072265625 0.076171875
1 0.7099609375 0.69091796875 0.056640625 0.046875
2 0.36572265625 0.7080078125 0.13671875 0.2158203125
0 0.16748046875 0.732421875 0.2236328125 0.1708984375
1 0.95947265625 0.7734375 0.0703125 0.0634765625
1 0.8115234375 0.84033203125 0.0732421875 0.064453125
1 0.40185546875 0.8828125 0.1259765625 0.09375
1 0.71142578125 0.8974609375 0.060546875 0.0556640625
2 0.16357421875 0.921875 0.2939453125 0.15625
1 0.90380859375 0.93359375 0.0947265625 0.0859375
1 0.5546875 0.9658203125 0.0830078125 0.068359375
1 0.66162109375 0.9755859375 0.064453125 0.048828125