1 0.5634765625 0.98095703125 0.0654296875 0.0380859375
0 0.52294921875 0.12451171875 0.2724609375 0.2490234375
1 0.18505859375 0.16259765625 0.0556640625 0.056640625
2 0.30078125 0.18701171875 0.13671875 0.1591796875
0 0.03955078125 0.21240234375 0.0791015625 0.1025390625
1 0.83447265625 0.3076171875 0.1484375 0.13671875
1 0.96240234375 0.3564453125 0.0625 0.0830078125
0 0.2021484375 0.37109375 0.3193359375 0.185546875
0 0.47412109375 0.3857421875 0.1708984375 0.17578125
1 0.7109375 0.43701171875 0.12109375 0.1025390625
0 0.16162109375 0.04638671875 0.3232421875 0.0927734375
1 0.314453125 0.52001953125 0.0556640625 0.0634765625
1 0.54638671875 0.5556640625 0.080078125 0.0810546875
2 0.13720703125 0.56298828125 0.2744140625 0.173828125
1 0.94921875 0.580078125 0.099609375 0.076171875
0 0.4365234375 0.5908203125 0.109375 0.05859375
1 0.6318359375 0.5947265625 0.05078125 0.046875
0 0.8935546875 0.06494140625 0.212890625 0.1298828125
1 0.9013671875 0.67529296875 0.12109375 0.095703125
1 0.50732421875 0.67626953125 0.05078125 0.0634765625
1 0.70263671875 0.703125 0.0751953125 0.0439453125
2 0.38037109375 0.72021484375 0.1826171875 0.17578125
0 0.15185546875 0.732421875 0.21484375 0.146484375
1 0.544921875 0.75927734375 0.0341796875 0.029296875
1 0.6376953125 0.76171875 0.0380859375 0.0390625
1 0.77197265625 0.775390625 0.033203125 0.046875
1 0.96533203125 0.7802734375 0.0693359375 0.06640625
1 0.72705078125 0.08447265625 0.060546875 0.056640625
1 0.8330078125 0.853515625 0.052734375 0.056640625
1 0.41064453125 0.8935546875 0.1025390625 0.09765625
2 0.173828125 0.9091796875 0.34765625 0.1826171875
1 0.71826171875 0.921875 0.052734375 0.056640625
1 0.92724609375 0.9541015625 0.0703125 0.091796875