1 0.91748046875 0.1806640625 0.158203125 0.1416015625
2 0.2431640625 0.19287109375 0.486328125 0.3857421875
1 0.60986328125 0.3369140625 0.1533203125 0.3955078125
1 0.76708984375 0.36376953125 0.091796875 0.1904296875
1 0.9208984375 0.458984375 0.1455078125 0.3369140625
1 0.4267578125 0.4638671875 0.119140625 0.1220703125
2 0.16650390625 0.47021484375 0.3330078125 0.1396484375
1 0.7783203125 0.048828125 0.294921875 0.09765625
2 0.34423828125 0.77587890625 0.23046875 0.4482421875
0 0.10546875 0.7919921875 0.2109375 0.4169921875
1 0.61083984375 0.80078125 0.1904296875 0.3515625
1 0.84033203125 0.87109375 0.228515625 0.2529296875