2 0.14306640625 0.111328125 0.2861328125 0.095703125
1 0.8857421875 0.15380859375 0.0654296875 0.0634765625
1 0.9677734375 0.2685546875 0.064453125 0.1708984375
1 0.0556640625 0.0283203125 0.080078125 0.0517578125
0 0.1494140625 0.30517578125 0.298828125 0.263671875
0 0.45947265625 0.32861328125 0.2294921875 0.2421875
1 0.783203125 0.400390625 0.1630859375 0.1513671875
1 0.94775390625 0.4970703125 0.04296875 0.046875
1 0.24365234375 0.51171875 0.0849609375 0.0810546875
1 0.78564453125 0.5458984375 0.041015625 0.046875
2 0.88134765625 0.05615234375 0.2373046875 0.1123046875
1 0.55615234375 0.560546875 0.1142578125 0.115234375
0 0.40234375 0.5712890625 0.1728515625 0.17578125
2 0.095703125 0.60693359375 0.1904296875 0.3203125
1 0.67431640625 0.615234375 0.0576171875 0.05859375
1 0.90625 0.654296875 0.0625 0.05859375
0 0.52294921875 0.068359375 0.453125 0.13671875
1 0.9775390625 0.69970703125 0.044921875 0.1298828125
1 0.5009765625 0.716796875 0.068359375 0.0810546875
1 0.7646484375 0.75830078125 0.1064453125 0.0615234375
2 0.33154296875 0.80078125 0.2509765625 0.263671875
0 0.09326171875 0.830078125 0.185546875 0.107421875
1 0.55859375 0.83154296875 0.0458984375 0.0517578125
1 0.6865234375 0.83642578125 0.033203125 0.046875
1 0.85888671875 0.849609375 0.0458984375 0.0537109375
2 0.0966796875 0.9482421875 0.193359375 0.1044921875
1 0.93310546875 0.95458984375 0.0625 0.0732421875
1 0.35107421875 0.97119140625 0.0751953125 0.0576171875