0 0.52685546875 0.12939453125 0.2607421875 0.2392578125
1 0.19482421875 0.17822265625 0.05078125 0.05859375
2 0.904296875 0.21240234375 0.19140625 0.1171875
0 0.04296875 0.21630859375 0.0859375 0.10546875
1 0.77587890625 0.27001953125 0.0361328125 0.0419921875
1 0.8525390625 0.341796875 0.091796875 0.1171875
1 0.9443359375 0.361328125 0.0556640625 0.0732421875
0 0.2080078125 0.375 0.302734375 0.1884765625
0 0.47314453125 0.3896484375 0.1630859375 0.1689453125
0 0.16162109375 0.04052734375 0.3232421875 0.0810546875
1 0.705078125 0.4384765625 0.119140625 0.1005859375
1 0.31787109375 0.5224609375 0.0537109375 0.0537109375
1 0.5439453125 0.55419921875 0.0751953125 0.0830078125
2 0.1435546875 0.5654296875 0.2802734375 0.1640625
1 0.9306640625 0.58349609375 0.091796875 0.0732421875
1 0.62939453125 0.595703125 0.0458984375 0.0439453125
0 0.43896484375 0.59716796875 0.109375 0.0615234375
1 0.50341796875 0.66796875 0.0439453125 0.0615234375
1 0.88818359375 0.67529296875 0.1142578125 0.0908203125
1 0.6962890625 0.6982421875 0.072265625 0.0439453125
0 0.8994140625 0.07080078125 0.201171875 0.1416015625
2 0.38525390625 0.7177734375 0.1728515625 0.15625
0 0.158203125 0.7265625 0.2021484375 0.134765625
1 0.95654296875 0.76904296875 0.0751953125 0.0634765625
1 0.81982421875 0.84375 0.060546875 0.056640625
1 0.41455078125 0.88525390625 0.0947265625 0.095703125
2 0.18017578125 0.90283203125 0.3486328125 0.1943359375
1 0.71484375 0.9072265625 0.05078125 0.0517578125
1 0.91259765625 0.93896484375 0.060546875 0.0859375
1 0.71826171875 0.09521484375 0.052734375 0.05859375
1 0.5634765625 0.97509765625 0.0556640625 0.05078125