1 0.109375 0.9765625 0.0673828125 0.046875
1 0.04541015625 0.09912109375 0.07421875 0.068359375
0 0.515625 0.02880859375 0.2080078125 0.0576171875
2 0.90576171875 0.380859375 0.1884765625 0.4052734375
0 0.5166015625 0.41552734375 0.546875 0.482421875
0 0.099609375 0.44384765625 0.193359375 0.328125
1 0.95458984375 0.67919921875 0.0908203125 0.1328125
2 0.763671875 0.75927734375 0.265625 0.16015625
2 0.2373046875 0.076171875 0.27734375 0.1474609375
2 0.07470703125 0.76953125 0.140625 0.2802734375
2 0.81591796875 0.07763671875 0.341796875 0.154296875
2 0.38818359375 0.8349609375 0.435546875 0.330078125
1 0.81396484375 0.9365234375 0.3720703125 0.126953125