1 0.66357421875 0.9765625 0.0458984375 0.0439453125
1 0.7197265625 0.10400390625 0.0556640625 0.0615234375
0 0.51953125 0.13330078125 0.24609375 0.2373046875
1 0.19970703125 0.1796875 0.05078125 0.056640625
2 0.31201171875 0.18701171875 0.1435546875 0.1640625
0 0.04541015625 0.2138671875 0.0908203125 0.10546875
1 0.82080078125 0.3115234375 0.140625 0.1298828125
1 0.93798828125 0.36279296875 0.052734375 0.0712890625
0 0.21044921875 0.37353515625 0.302734375 0.185546875
0 0.47412109375 0.3896484375 0.166015625 0.1640625
1 0.701171875 0.43701171875 0.1162109375 0.09765625
0 0.1689453125 0.04541015625 0.3369140625 0.0908203125
1 0.32275390625 0.52001953125 0.0537109375 0.0634765625
1 0.544921875 0.55322265625 0.0830078125 0.0810546875
2 0.14208984375 0.560546875 0.2841796875 0.1640625
1 0.92822265625 0.57373046875 0.0966796875 0.0732421875
0 0.44140625 0.5859375 0.1044921875 0.0634765625
1 0.62939453125 0.59228515625 0.041015625 0.0419921875
1 0.7939453125 0.62158203125 0.04296875 0.0517578125
1 0.50732421875 0.66650390625 0.0458984375 0.05859375
1 0.88330078125 0.67041015625 0.109375 0.095703125
1 0.69873046875 0.693359375 0.0673828125 0.048828125
0 0.8994140625 0.07080078125 0.201171875 0.1416015625
2 0.38525390625 0.70947265625 0.1728515625 0.1591796875
0 0.16650390625 0.72021484375 0.205078125 0.1318359375
1 0.5439453125 0.74462890625 0.0361328125 0.0341796875
1 0.63916015625 0.751953125 0.0361328125 0.0341796875
1 0.759765625 0.76171875 0.0380859375 0.029296875
1 0.95166015625 0.7666015625 0.0751953125 0.068359375
1 0.81591796875 0.83740234375 0.052734375 0.0537109375
1 0.4169921875 0.8779296875 0.08984375 0.0908203125
2 0.18115234375 0.8994140625 0.3623046875 0.2021484375
1 0.7099609375 0.90234375 0.0556640625 0.0517578125
1 0.90869140625 0.93408203125 0.0625 0.0859375
1 0.56201171875 0.96826171875 0.048828125 0.056640625