2 0.271484375 0.109375 0.1279296875 0.21875
1 0.92919921875 0.19287109375 0.068359375 0.064453125
0 0.12646484375 0.02099609375 0.1025390625 0.0419921875
1 0.96728515625 0.3046875 0.0654296875 0.12890625
0 0.16552734375 0.36083984375 0.3310546875 0.263671875
0 0.484375 0.3740234375 0.2490234375 0.2470703125
1 0.83349609375 0.44384765625 0.1884765625 0.19140625
1 0.26025390625 0.56884765625 0.09765625 0.109375
0 0.40234375 0.5810546875 0.123046875 0.0791015625
1 0.85107421875 0.6005859375 0.052734375 0.0556640625
1 0.58740234375 0.61962890625 0.1337890625 0.1337890625
1 0.93017578125 0.638671875 0.0537109375 0.0615234375
1 0.7373046875 0.6572265625 0.10546875 0.1298828125
2 0.099609375 0.67138671875 0.197265625 0.330078125
0 0.42919921875 0.67724609375 0.162109375 0.0966796875
2 0.89794921875 0.07373046875 0.2041015625 0.1474609375
1 0.97216796875 0.7373046875 0.0556640625 0.0830078125
1 0.53076171875 0.796875 0.083984375 0.1005859375
0 0.55810546875 0.08447265625 0.404296875 0.1689453125
1 0.83349609375 0.85595703125 0.1259765625 0.07421875
2 0.34033203125 0.869140625 0.25 0.26171875
0 0.0849609375 0.91796875 0.1640625 0.1279296875
1 0.11083984375 0.09228515625 0.0869140625 0.072265625
1 0.595703125 0.93017578125 0.060546875 0.0625
1 0.74658203125 0.951171875 0.0498046875 0.0458984375
1 0.94970703125 0.96337890625 0.07421875 0.0625