1 0.75244140625 0.12060546875 0.09375 0.068359375
0 0.48291015625 0.13525390625 0.2490234375 0.2109375
1 0.1201171875 0.19921875 0.078125 0.0771484375
0 0.087890625 0.02587890625 0.17578125 0.0517578125
1 0.84228515625 0.29638671875 0.0615234375 0.064453125
1 0.78369140625 0.03369140625 0.20703125 0.0673828125
1 0.94677734375 0.37548828125 0.1064453125 0.13671875
0 0.158203125 0.4423828125 0.31640625 0.2470703125
0 0.45849609375 0.45703125 0.244140625 0.23046875
1 0.783203125 0.517578125 0.185546875 0.171875
1 0.95849609375 0.6083984375 0.0595703125 0.0751953125
1 0.2294921875 0.64208984375 0.109375 0.1015625
1 0.810546875 0.66357421875 0.0654296875 0.068359375
1 0.72900390625 0.68017578125 0.05078125 0.0595703125
1 0.56787109375 0.68359375 0.1416015625 0.1396484375
0 0.4052734375 0.74169921875 0.16015625 0.095703125
1 0.69970703125 0.75439453125 0.09375 0.0771484375
2 0.0859375 0.7890625 0.162109375 0.421875
1 0.955078125 0.80126953125 0.0732421875 0.08984375
1 0.50439453125 0.87841796875 0.09375 0.1162109375
2 0.31005859375 0.8984375 0.2607421875 0.203125
1 0.81982421875 0.927734375 0.134765625 0.0927734375