1 0.7197265625 0.09765625 0.0556640625 0.0537109375
0 0.52197265625 0.12939453125 0.2607421875 0.244140625
1 0.197265625 0.17724609375 0.0556640625 0.056640625
2 0.904296875 0.2099609375 0.19140625 0.1220703125
0 0.04052734375 0.2197265625 0.0810546875 0.107421875
1 0.7734375 0.26611328125 0.041015625 0.0439453125
1 0.85400390625 0.341796875 0.08984375 0.1220703125
1 0.9453125 0.365234375 0.052734375 0.0712890625
0 0.2080078125 0.37353515625 0.3076171875 0.1806640625
0 0.47412109375 0.39208984375 0.1611328125 0.1689453125
1 0.7060546875 0.43701171875 0.1162109375 0.09765625
1 0.81982421875 0.51416015625 0.0458984375 0.046875
1 0.32177734375 0.51904296875 0.0556640625 0.0615234375
1 0.54248046875 0.5517578125 0.078125 0.0830078125
2 0.14208984375 0.56396484375 0.2841796875 0.17578125
0 0.1552734375 0.0576171875 0.310546875 0.115234375
1 0.9306640625 0.57763671875 0.0869140625 0.06640625
0 0.43505859375 0.5908203125 0.107421875 0.05859375
1 0.626953125 0.59716796875 0.041015625 0.037109375
1 0.505859375 0.66650390625 0.0537109375 0.05859375
1 0.88671875 0.67041015625 0.111328125 0.1005859375
0 0.89599609375 0.06982421875 0.2080078125 0.1396484375
1 0.69775390625 0.69580078125 0.0751953125 0.0390625
2 0.38525390625 0.71435546875 0.1728515625 0.1640625
0 0.16162109375 0.72900390625 0.205078125 0.1298828125
1 0.54248046875 0.74951171875 0.0341796875 0.0341796875
1 0.7646484375 0.7666015625 0.0283203125 0.0341796875
1 0.9541015625 0.7666015625 0.0751953125 0.0732421875
1 0.82080078125 0.84619140625 0.0478515625 0.0517578125
1 0.41552734375 0.8837890625 0.09765625 0.09765625
2 0.1787109375 0.90283203125 0.357421875 0.1943359375
1 0.71484375 0.9072265625 0.05078125 0.056640625
1 0.90869140625 0.93896484375 0.0625 0.0859375
1 0.564453125 0.97509765625 0.0537109375 0.05078125