0 0.8896484375 0.19921875 0.220703125 0.1591796875
1 0.06689453125 0.0283203125 0.078125 0.056640625
0 0.15673828125 0.326171875 0.3134765625 0.28125
0 0.49853515625 0.33837890625 0.2783203125 0.2861328125
1 0.8994140625 0.4140625 0.201171875 0.1787109375
0 0.61328125 0.052734375 0.3701171875 0.10546875
2 0.90673828125 0.0537109375 0.1865234375 0.107421875
1 0.2412109375 0.55419921875 0.0849609375 0.087890625
1 0.62060546875 0.61669921875 0.140625 0.14453125
0 0.43994140625 0.68505859375 0.1953125 0.095703125
2 0.09326171875 0.68603515625 0.1865234375 0.41015625
1 0.7734375 0.69580078125 0.080078125 0.0732421875
1 0.55126953125 0.82275390625 0.0751953125 0.09765625
2 0.26806640625 0.0869140625 0.294921875 0.173828125
2 0.35205078125 0.87255859375 0.302734375 0.255859375
1 0.9111328125 0.8984375 0.1357421875 0.078125
0 0.07373046875 0.95166015625 0.1474609375 0.0966796875
1 0.61962890625 0.97607421875 0.05078125 0.0478515625