2 0.26416015625 0.10107421875 0.2138671875 0.2021484375
1 0.97900390625 0.1484375 0.0419921875 0.0576171875
0 0.166015625 0.34228515625 0.33203125 0.2568359375
0 0.501953125 0.35693359375 0.25 0.2509765625
1 0.87353515625 0.42626953125 0.2060546875 0.162109375
1 0.26416015625 0.5556640625 0.0830078125 0.0888671875
1 0.607421875 0.61083984375 0.1328125 0.125
1 0.109375 0.0625 0.0712890625 0.0751953125
2 0.10791015625 0.6552734375 0.2099609375 0.349609375
0 0.443359375 0.67333984375 0.1787109375 0.1162109375
1 0.75 0.67822265625 0.0673828125 0.0673828125
0 0.587890625 0.0732421875 0.41015625 0.146484375
1 0.54736328125 0.798828125 0.0712890625 0.0888671875
1 0.87353515625 0.86328125 0.12109375 0.0634765625
2 0.3623046875 0.87060546875 0.279296875 0.2587890625
0 0.09033203125 0.90087890625 0.1796875 0.123046875
1 0.61328125 0.9375 0.0478515625 0.0458984375
1 0.7734375 0.9580078125 0.0517578125 0.0478515625