0 0.52685546875 0.111328125 0.333984375 0.22265625
1 0.10693359375 0.12939453125 0.0703125 0.068359375
2 0.251953125 0.12939453125 0.185546875 0.2587890625
2 0.81982421875 0.1455078125 0.2216796875 0.1103515625
1 0.8671875 0.24072265625 0.0576171875 0.056640625
1 0.96044921875 0.33349609375 0.0791015625 0.1591796875
0 0.1552734375 0.384765625 0.310546875 0.232421875
0 0.46337890625 0.40283203125 0.2216796875 0.224609375
1 0.779296875 0.0439453125 0.0673828125 0.0732421875
1 0.7841796875 0.462890625 0.16015625 0.134765625
1 0.958984375 0.5615234375 0.0458984375 0.0537109375
1 0.2470703125 0.58251953125 0.078125 0.076171875
1 0.56689453125 0.62890625 0.1123046875 0.1201171875
0 0.41064453125 0.64599609375 0.1708984375 0.193359375
1 0.685546875 0.68994140625 0.060546875 0.056640625
2 0.099609375 0.70068359375 0.1923828125 0.3759765625
1 0.9404296875 0.736328125 0.052734375 0.0712890625
1 0.509765625 0.80810546875 0.0703125 0.09765625
1 0.798828125 0.85205078125 0.1015625 0.0634765625
2 0.33740234375 0.87841796875 0.2490234375 0.2431640625
1 0.568359375 0.93896484375 0.0458984375 0.0419921875
1 0.70849609375 0.94482421875 0.04296875 0.0439453125
0 0.07373046875 0.95068359375 0.1474609375 0.099609375
1 0.90771484375 0.9658203125 0.0556640625 0.046875