1 0.666015625 0.98095703125 0.0498046875 0.0380859375
1 0.71826171875 0.1005859375 0.0546875 0.0576171875
0 0.49462890625 0.1123046875 0.23046875 0.208984375
1 0.19921875 0.17822265625 0.0615234375 0.0546875
1 0.77294921875 0.2685546875 0.04296875 0.04296875
1 0.849609375 0.33154296875 0.09765625 0.0947265625
1 0.94189453125 0.36083984375 0.0546875 0.064453125
0 0.47265625 0.38720703125 0.16796875 0.1689453125
0 0.265625 0.3974609375 0.2001953125 0.1376953125
1 0.86669921875 0.421875 0.0439453125 0.0419921875
1 0.70263671875 0.43701171875 0.1298828125 0.1064453125
1 0.96826171875 0.0498046875 0.0439453125 0.0400390625
2 0.07666015625 0.49072265625 0.1533203125 0.27734375
1 0.82177734375 0.50830078125 0.0361328125 0.0322265625
1 0.32177734375 0.52099609375 0.0537109375 0.0576171875
1 0.54296875 0.54931640625 0.0869140625 0.0849609375
1 0.931640625 0.572265625 0.078125 0.0634765625
1 0.6240234375 0.59326171875 0.05078125 0.041015625
1 0.79443359375 0.61962890625 0.0478515625 0.0439453125
2 0.31396484375 0.654296875 0.2666015625 0.1279296875
1 0.88720703125 0.666015625 0.1123046875 0.1044921875
1 0.50537109375 0.66650390625 0.0458984375 0.0595703125
1 0.6953125 0.6943359375 0.072265625 0.0419921875
1 0.5439453125 0.7470703125 0.0283203125 0.029296875
1 0.75927734375 0.76025390625 0.0400390625 0.0283203125
1 0.9521484375 0.767578125 0.0751953125 0.060546875
1 0.8203125 0.84326171875 0.05078125 0.0556640625
1 0.41748046875 0.87646484375 0.0908203125 0.0888671875
2 0.177734375 0.89501953125 0.35546875 0.2099609375
1 0.71533203125 0.904296875 0.0546875 0.0498046875
1 0.90966796875 0.935546875 0.056640625 0.08203125
1 0.56396484375 0.97314453125 0.05078125 0.0537109375