1 0.759765625 0.1123046875 0.0625 0.05859375
0 0.52294921875 0.150390625 0.306640625 0.251953125
1 0.13232421875 0.19677734375 0.05859375 0.0615234375
2 0.26806640625 0.21240234375 0.1826171875 0.1953125
1 0.8564453125 0.29443359375 0.060546875 0.0517578125
1 0.95556640625 0.384765625 0.0888671875 0.154296875
0 0.1728515625 0.0390625 0.28515625 0.078125
0 0.1591796875 0.4345703125 0.318359375 0.224609375
0 0.46923828125 0.44921875 0.21484375 0.2197265625
1 0.78564453125 0.51025390625 0.1728515625 0.1220703125
1 0.24609375 0.6298828125 0.0751953125 0.0830078125
1 0.57177734375 0.68017578125 0.1171875 0.1201171875
2 0.099609375 0.78076171875 0.1923828125 0.4384765625
1 0.9677734375 0.79736328125 0.064453125 0.0615234375
1 0.5107421875 0.8681640625 0.0732421875 0.095703125
2 0.33740234375 0.8955078125 0.25390625 0.208984375
1 0.8232421875 0.92529296875 0.111328125 0.068359375