1 0.666015625 0.98046875 0.0498046875 0.0390625
1 0.716796875 0.1005859375 0.0546875 0.0546875
0 0.49169921875 0.10986328125 0.23046875 0.201171875
1 0.19921875 0.18017578125 0.05859375 0.0546875
1 0.77099609375 0.26806640625 0.0458984375 0.0439453125
1 0.8505859375 0.34130859375 0.0986328125 0.1005859375
1 0.94677734375 0.35400390625 0.05078125 0.0537109375
0 0.4736328125 0.38623046875 0.1630859375 0.1669921875
0 0.26806640625 0.39599609375 0.1826171875 0.12890625
1 0.869140625 0.42919921875 0.0439453125 0.037109375
1 0.70263671875 0.43896484375 0.1201171875 0.1044921875
1 0.96826171875 0.05078125 0.0400390625 0.0380859375
2 0.08154296875 0.49853515625 0.1630859375 0.298828125
1 0.8173828125 0.5048828125 0.03515625 0.0322265625
1 0.3193359375 0.52099609375 0.05859375 0.0537109375
1 0.65283203125 0.5498046875 0.0302734375 0.0244140625
1 0.5400390625 0.55126953125 0.0830078125 0.080078125
1 0.93017578125 0.57373046875 0.0849609375 0.0576171875
1 0.62548828125 0.59423828125 0.0458984375 0.0380859375
1 0.794921875 0.62353515625 0.044921875 0.0390625
2 0.27490234375 0.63916015625 0.2001953125 0.16796875
1 0.50244140625 0.66455078125 0.048828125 0.0517578125
1 0.88916015625 0.66748046875 0.1162109375 0.0986328125
1 0.6953125 0.69580078125 0.072265625 0.05078125
1 0.544921875 0.74755859375 0.033203125 0.029296875
1 0.63427734375 0.75244140625 0.0361328125 0.03125
1 0.7626953125 0.7646484375 0.03125 0.0263671875
1 0.95849609375 0.76806640625 0.0830078125 0.0654296875
1 0.8212890625 0.84326171875 0.0556640625 0.052734375
1 0.41650390625 0.8798828125 0.0986328125 0.091796875
2 0.1728515625 0.89501953125 0.345703125 0.2099609375
1 0.712890625 0.90234375 0.046875 0.046875
1 0.91015625 0.93359375 0.064453125 0.080078125
1 0.56103515625 0.97216796875 0.0634765625 0.0556640625