1 0.71826171875 0.1064453125 0.04296875 0.046875
0 0.52294921875 0.130859375 0.2529296875 0.2275390625
1 0.2021484375 0.1845703125 0.05078125 0.046875
2 0.310546875 0.19189453125 0.146484375 0.1640625
1 0.77099609375 0.27490234375 0.0361328125 0.0517578125
1 0.8466796875 0.34326171875 0.0849609375 0.1103515625
0 0.20947265625 0.37744140625 0.3046875 0.18359375
0 0.4755859375 0.39453125 0.1533203125 0.1640625
1 0.32275390625 0.517578125 0.048828125 0.0537109375
1 0.54638671875 0.5517578125 0.0703125 0.0830078125
2 0.14453125 0.56396484375 0.2890625 0.1611328125
1 0.92578125 0.57861328125 0.0869140625 0.0830078125
1 0.69775390625 0.69482421875 0.0751953125 0.0517578125
2 0.38623046875 0.7021484375 0.1708984375 0.1689453125
0 0.16796875 0.7216796875 0.20703125 0.1298828125
1 0.9619140625 0.771484375 0.076171875 0.05859375
1 0.81982421875 0.84130859375 0.0556640625 0.056640625
1 0.41796875 0.87890625 0.0927734375 0.0927734375
2 0.1787109375 0.900390625 0.357421875 0.19921875
1 0.70849609375 0.90087890625 0.052734375 0.05859375
1 0.90625 0.9326171875 0.0625 0.0830078125
1 0.56201171875 0.970703125 0.05859375 0.056640625