1 0.923828125 0.982421875 0.056640625 0.03515625
1 0.1015625 0.1279296875 0.0751953125 0.0654296875
2 0.83056640625 0.13916015625 0.3388671875 0.1171875
2 0.24609375 0.15234375 0.189453125 0.3037109375
1 0.88134765625 0.23486328125 0.0634765625 0.0537109375
1 0.794921875 0.0283203125 0.0673828125 0.0546875
1 0.962890625 0.33154296875 0.07421875 0.1474609375
0 0.46630859375 0.3994140625 0.2333984375 0.234375
0 0.20556640625 0.41162109375 0.2080078125 0.1884765625
1 0.791015625 0.47265625 0.171875 0.1435546875
1 0.974609375 0.5732421875 0.05078125 0.04296875
1 0.2412109375 0.587890625 0.0771484375 0.076171875
2 0.0947265625 0.625 0.18359375 0.2021484375
1 0.73291015625 0.6337890625 0.0439453125 0.046875
1 0.5703125 0.63671875 0.1259765625 0.1220703125
1 0.6953125 0.6982421875 0.072265625 0.05859375
1 0.96142578125 0.74658203125 0.06640625 0.0595703125
1 0.74169921875 0.74853515625 0.0419921875 0.029296875
1 0.77978515625 0.783203125 0.03125 0.0263671875
1 0.513671875 0.8173828125 0.0703125 0.080078125
0 0.4892578125 0.08251953125 0.26953125 0.1650390625
2 0.2333984375 0.83984375 0.4609375 0.2099609375
1 0.8125 0.86328125 0.103515625 0.0556640625
1 0.71142578125 0.8876953125 0.0400390625 0.0390625
1 0.57861328125 0.9521484375 0.0458984375 0.046875
1 0.72119140625 0.9638671875 0.0576171875 0.0458984375