0 0.52294921875 0.1171875 0.3310546875 0.234375
2 0.255859375 0.126953125 0.177734375 0.25390625
1 0.1142578125 0.1416015625 0.0703125 0.068359375
2 0.85205078125 0.1611328125 0.2958984375 0.087890625
1 0.8623046875 0.248046875 0.0625 0.0615234375
1 0.96044921875 0.33837890625 0.0791015625 0.1591796875
0 0.15673828125 0.3896484375 0.3125 0.2470703125
0 0.4658203125 0.41259765625 0.2265625 0.224609375
1 0.78662109375 0.4736328125 0.16015625 0.146484375
1 0.78076171875 0.05126953125 0.0703125 0.078125
0 0.93359375 0.0537109375 0.1328125 0.107421875
1 0.24462890625 0.5947265625 0.078125 0.0859375
1 0.56689453125 0.63232421875 0.1171875 0.126953125
0 0.40966796875 0.64208984375 0.16796875 0.1806640625
1 0.69140625 0.6982421875 0.0625 0.068359375
2 0.09814453125 0.71533203125 0.1953125 0.380859375
1 0.94189453125 0.7421875 0.060546875 0.0732421875
1 0.50732421875 0.810546875 0.0703125 0.087890625
1 0.798828125 0.86328125 0.1064453125 0.0615234375
2 0.33642578125 0.87109375 0.2509765625 0.2578125
1 0.5732421875 0.94873046875 0.0458984375 0.056640625
1 0.71240234375 0.9560546875 0.0556640625 0.046875
0 0.0673828125 0.9580078125 0.134765625 0.0849609375
1 0.9111328125 0.97265625 0.0478515625 0.0556640625