0 0.884765625 0.21875 0.23046875 0.154296875
0 0.16015625 0.33349609375 0.3203125 0.2666015625
0 0.5009765625 0.34814453125 0.263671875 0.2666015625
1 0.0888671875 0.04296875 0.078125 0.076171875
1 0.89208984375 0.42236328125 0.2158203125 0.1611328125
1 0.25341796875 0.556640625 0.08984375 0.0830078125
1 0.6171875 0.6142578125 0.138671875 0.134765625
0 0.57421875 0.0625 0.443359375 0.1201171875
2 0.90576171875 0.06494140625 0.1884765625 0.1298828125
2 0.09912109375 0.66552734375 0.1982421875 0.3740234375
0 0.44482421875 0.677734375 0.17578125 0.095703125
1 0.759765625 0.69091796875 0.08203125 0.0732421875
1 0.5498046875 0.80810546875 0.0732421875 0.107421875
2 0.35693359375 0.8662109375 0.29296875 0.2626953125
1 0.890625 0.88037109375 0.12890625 0.0712890625
0 0.08837890625 0.92529296875 0.1767578125 0.1220703125
2 0.2412109375 0.09521484375 0.197265625 0.185546875
1 0.61328125 0.95703125 0.05859375 0.048828125
1 0.78173828125 0.97607421875 0.052734375 0.0478515625