0 0.91796875 0.16845703125 0.1640625 0.1220703125
0 0.13330078125 0.26513671875 0.2666015625 0.369140625
0 0.49365234375 0.29931640625 0.3359375 0.33984375
2 0.39453125 0.033203125 0.7890625 0.0615234375
1 0.900390625 0.4296875 0.099609375 0.087890625
1 0.18603515625 0.55810546875 0.1025390625 0.095703125
1 0.63916015625 0.63232421875 0.1728515625 0.1708984375
0 0.4267578125 0.712890625 0.216796875 0.107421875
1 0.82470703125 0.7265625 0.0947265625 0.0908203125
2 0.06005859375 0.73095703125 0.1201171875 0.5390625
1 0.89404296875 0.8095703125 0.0576171875 0.0517578125
1 0.55859375 0.88037109375 0.0947265625 0.125
2 0.3193359375 0.89208984375 0.3583984375 0.216796875
1 0.94189453125 0.9609375 0.0556640625 0.06640625