1 0.97900390625 0.9765625 0.0419921875 0.046875
2 0.26171875 0.1279296875 0.201171875 0.255859375
1 0.9765625 0.15283203125 0.044921875 0.0625
2 0.5234375 0.15966796875 0.306640625 0.1142578125
0 0.5029296875 0.3544921875 0.25390625 0.2548828125
0 0.23046875 0.36962890625 0.205078125 0.20703125
1 0.873046875 0.42333984375 0.2109375 0.1552734375
0 0.5341796875 0.046875 0.23828125 0.0927734375
2 0.0595703125 0.4755859375 0.11328125 0.2314453125
1 0.26708984375 0.5517578125 0.0908203125 0.0791015625
1 0.88916015625 0.59765625 0.0498046875 0.0498046875
1 0.787109375 0.60546875 0.048828125 0.0498046875
1 0.611328125 0.60986328125 0.134765625 0.1328125
1 0.11083984375 0.0654296875 0.0751953125 0.0751953125
1 0.74951171875 0.67724609375 0.080078125 0.0654296875
2 0.18505859375 0.72265625 0.3642578125 0.2412109375
1 0.798828125 0.73828125 0.037109375 0.0341796875
1 0.546875 0.7900390625 0.076171875 0.0869140625
1 0.873046875 0.85498046875 0.111328125 0.076171875
1 0.75634765625 0.873046875 0.0419921875 0.0341796875
2 0.3798828125 0.927734375 0.39453125 0.14453125
1 0.60791015625 0.931640625 0.0478515625 0.05078125
1 0.76513671875 0.9521484375 0.0673828125 0.0478515625