1 0.75732421875 0.14306640625 0.0625 0.0517578125
0 0.53173828125 0.17578125 0.314453125 0.224609375
1 0.14111328125 0.22119140625 0.0654296875 0.056640625
2 0.8505859375 0.234375 0.298828125 0.1025390625
2 0.2763671875 0.23583984375 0.17578125 0.18359375
1 0.85498046875 0.3212890625 0.04296875 0.046875
1 0.9619140625 0.4052734375 0.076171875 0.1416015625
0 0.12109375 0.0439453125 0.2421875 0.087890625
0 0.16259765625 0.45166015625 0.3251953125 0.2294921875
0 0.47314453125 0.47119140625 0.2119140625 0.21484375
1 0.79150390625 0.5322265625 0.169921875 0.13671875
1 0.9765625 0.6435546875 0.046875 0.0712890625
1 0.23974609375 0.6494140625 0.078125 0.078125
1 0.57080078125 0.7021484375 0.119140625 0.1298828125
1 0.701171875 0.76806640625 0.0625 0.06640625
2 0.09423828125 0.79052734375 0.1884765625 0.4189453125
1 0.5146484375 0.9033203125 0.0751953125 0.1123046875
2 0.3349609375 0.91162109375 0.263671875 0.177734375
1 0.828125 0.958984375 0.12109375 0.08203125