1 0.71484375 0.10400390625 0.0556640625 0.056640625
0 0.52197265625 0.1318359375 0.265625 0.234375
1 0.19970703125 0.1796875 0.05078125 0.056640625
0 0.0576171875 0.21142578125 0.115234375 0.10546875
1 0.7744140625 0.267578125 0.04296875 0.0419921875
1 0.85009765625 0.3310546875 0.091796875 0.095703125
0 0.18603515625 0.3701171875 0.3515625 0.1884765625
0 0.4755859375 0.39208984375 0.158203125 0.1689453125
0 0.1640625 0.04150390625 0.328125 0.0830078125
1 0.70263671875 0.43603515625 0.1240234375 0.095703125
1 0.3193359375 0.5166015625 0.0556640625 0.056640625
1 0.54248046875 0.55078125 0.0830078125 0.0712890625
2 0.140625 0.55810546875 0.28125 0.1689453125
1 0.92822265625 0.57861328125 0.0869140625 0.0732421875
1 0.509765625 0.66552734375 0.0458984375 0.0615234375
1 0.69873046875 0.697265625 0.0673828125 0.0419921875
2 0.3837890625 0.70703125 0.1806640625 0.1640625
0 0.16552734375 0.72265625 0.2021484375 0.1318359375
0 0.89453125 0.0732421875 0.2109375 0.146484375
1 0.96044921875 0.76806640625 0.0791015625 0.0615234375
1 0.81982421875 0.84228515625 0.05078125 0.0634765625
1 0.41064453125 0.87890625 0.0927734375 0.0927734375
2 0.17626953125 0.900390625 0.3525390625 0.19921875
1 0.70849609375 0.90234375 0.0576171875 0.0615234375
1 0.91015625 0.9326171875 0.0703125 0.0927734375
1 0.5634765625 0.97265625 0.0556640625 0.0556640625