2 0.2138671875 0.1201171875 0.20703125 0.240234375
2 0.4658203125 0.1416015625 0.28125 0.1181640625
1 0.884765625 0.15625 0.0654296875 0.05859375
1 0.9638671875 0.25390625 0.072265625 0.134765625
1 0.05908203125 0.02880859375 0.0849609375 0.0576171875
0 0.45458984375 0.33056640625 0.2392578125 0.23828125
0 0.205078125 0.33935546875 0.205078125 0.185546875
0 0.48095703125 0.037109375 0.2099609375 0.07421875
1 0.78076171875 0.4189453125 0.1767578125 0.0947265625
1 0.9462890625 0.49560546875 0.046875 0.044921875
1 0.24169921875 0.51513671875 0.0791015625 0.068359375
1 0.55810546875 0.560546875 0.1220703125 0.1123046875
2 0.09765625 0.59814453125 0.1953125 0.3212890625
1 0.67431640625 0.61328125 0.0654296875 0.0498046875
1 0.93505859375 0.66845703125 0.1298828125 0.0869140625
1 0.50390625 0.71826171875 0.064453125 0.068359375
1 0.76513671875 0.75732421875 0.1025390625 0.056640625
1 0.67529296875 0.7744140625 0.03125 0.03125
2 0.33203125 0.7783203125 0.251953125 0.3134765625
1 0.560546875 0.82958984375 0.044921875 0.037109375
1 0.68212890625 0.83740234375 0.0458984375 0.033203125
1 0.8583984375 0.849609375 0.046875 0.0341796875
1 0.93505859375 0.95654296875 0.0751953125 0.072265625
1 0.3505859375 0.9736328125 0.07421875 0.052734375