2 0.17138671875 0.10205078125 0.3427734375 0.2041015625
2 0.72802734375 0.22314453125 0.1416015625 0.4462890625
0 0.49853515625 0.3203125 0.2998046875 0.3017578125
0 0.1806640625 0.33837890625 0.26171875 0.2470703125
1 0.90478515625 0.40576171875 0.1904296875 0.193359375
2 0.08056640625 0.53564453125 0.1611328125 0.1337890625
1 0.21826171875 0.55322265625 0.091796875 0.095703125
1 0.97119140625 0.6123046875 0.0556640625 0.0712890625
1 0.84716796875 0.62255859375 0.05078125 0.0576171875
1 0.62548828125 0.62255859375 0.16796875 0.16015625
1 0.79443359375 0.70849609375 0.099609375 0.087890625
1 0.84814453125 0.7783203125 0.0537109375 0.0390625
2 0.17578125 0.798828125 0.345703125 0.3701171875
2 0.49951171875 0.0810546875 0.283203125 0.162109375
1 0.90283203125 0.81787109375 0.03515625 0.03515625
1 0.55615234375 0.845703125 0.0849609375 0.1005859375
2 0.4306640625 0.865234375 0.1484375 0.26953125
1 0.9306640625 0.927734375 0.1357421875 0.0810546875
2 0.90380859375 0.09375 0.1923828125 0.1875
1 0.80517578125 0.94775390625 0.0458984375 0.0498046875