1 0.71240234375 0.10400390625 0.0478515625 0.0498046875
0 0.52099609375 0.11767578125 0.2685546875 0.2353515625
2 0.3095703125 0.17919921875 0.13671875 0.1455078125
1 0.19677734375 0.18212890625 0.0546875 0.052734375
0 0.0361328125 0.19970703125 0.072265625 0.1015625
1 0.82275390625 0.3017578125 0.1455078125 0.140625
0 0.1953125 0.36083984375 0.3203125 0.201171875
1 0.93603515625 0.36376953125 0.0595703125 0.0751953125
0 0.47119140625 0.38525390625 0.1728515625 0.1767578125
1 0.71240234375 0.43310546875 0.1298828125 0.1015625
0 0.15625 0.04736328125 0.3125 0.0947265625
1 0.32080078125 0.5205078125 0.0546875 0.052734375
1 0.544921875 0.55419921875 0.080078125 0.08203125
2 0.13720703125 0.5625 0.2744140625 0.185546875
0 0.90576171875 0.05810546875 0.1884765625 0.1162109375
1 0.9287109375 0.578125 0.09375 0.0654296875
1 0.62451171875 0.5908203125 0.041015625 0.0439453125
0 0.43798828125 0.59765625 0.1162109375 0.0634765625
1 0.7919921875 0.62158203125 0.041015625 0.0458984375
1 0.88037109375 0.6728515625 0.119140625 0.1064453125
1 0.50732421875 0.67919921875 0.0498046875 0.0615234375
1 0.69482421875 0.69140625 0.0712890625 0.044921875
2 0.37939453125 0.7236328125 0.1845703125 0.171875
0 0.1435546875 0.73681640625 0.220703125 0.138671875
1 0.5478515625 0.74853515625 0.037109375 0.03125
1 0.62744140625 0.75 0.0283203125 0.029296875
1 0.76025390625 0.76171875 0.0322265625 0.029296875
1 0.95751953125 0.7685546875 0.0556640625 0.0654296875
1 0.81884765625 0.84423828125 0.048828125 0.0517578125
1 0.4228515625 0.87939453125 0.099609375 0.099609375
1 0.71240234375 0.9033203125 0.0498046875 0.056640625
2 0.17578125 0.9091796875 0.3515625 0.181640625
1 0.904296875 0.9296875 0.0703125 0.08203125
1 0.5625 0.9716796875 0.05078125 0.056640625