1 0.66357421875 0.978515625 0.041015625 0.04296875
1 0.7197265625 0.10400390625 0.0556640625 0.0615234375
0 0.52197265625 0.1357421875 0.2607421875 0.2421875
1 0.20068359375 0.18310546875 0.05859375 0.05859375
2 0.31201171875 0.18701171875 0.1337890625 0.1640625
2 0.83349609375 0.1943359375 0.3330078125 0.0859375
0 0.03955078125 0.21240234375 0.0791015625 0.1123046875
1 0.822265625 0.3125 0.1435546875 0.126953125
1 0.94189453125 0.3662109375 0.0556640625 0.068359375
0 0.21044921875 0.37255859375 0.2978515625 0.18359375
0 0.4716796875 0.39208984375 0.1611328125 0.1640625
1 0.70263671875 0.4345703125 0.1240234375 0.09765625
0 0.1640625 0.0478515625 0.328125 0.095703125
1 0.32275390625 0.5224609375 0.05859375 0.05859375
1 0.54248046875 0.5517578125 0.0830078125 0.078125
2 0.14208984375 0.5556640625 0.2841796875 0.1640625
1 0.9248046875 0.580078125 0.0849609375 0.0712890625
0 0.43994140625 0.5859375 0.1025390625 0.05859375
1 0.62451171875 0.5908203125 0.0458984375 0.0439453125
1 0.7939453125 0.62158203125 0.0478515625 0.046875
1 0.50244140625 0.66650390625 0.0458984375 0.05859375
1 0.88427734375 0.6728515625 0.111328125 0.0908203125
1 0.6953125 0.69482421875 0.0654296875 0.0322265625
0 0.89208984375 0.07080078125 0.2158203125 0.1416015625
2 0.3828125 0.7080078125 0.1728515625 0.166015625
0 0.1630859375 0.71923828125 0.2216796875 0.14453125
1 0.54248046875 0.74609375 0.029296875 0.0322265625
1 0.76123046875 0.7607421875 0.0361328125 0.0322265625
1 0.94921875 0.76806640625 0.0751953125 0.06640625
1 0.8173828125 0.83984375 0.05078125 0.05859375
1 0.41455078125 0.8779296875 0.0947265625 0.0908203125
2 0.1787109375 0.90185546875 0.357421875 0.197265625
1 0.71240234375 0.90478515625 0.0556640625 0.0517578125
1 0.90625 0.93408203125 0.0625 0.0908203125
1 0.5595703125 0.97119140625 0.0537109375 0.0576171875