1 0.66943359375 0.97998046875 0.0458984375 0.0400390625
0 0.490234375 0.10791015625 0.2138671875 0.19921875
2 0.3037109375 0.15966796875 0.1328125 0.314453125
1 0.1962890625 0.173828125 0.05859375 0.0537109375
1 0.77490234375 0.26708984375 0.0439453125 0.0458984375
1 0.85400390625 0.337890625 0.0927734375 0.1142578125
1 0.94580078125 0.35986328125 0.0654296875 0.0703125
0 0.47119140625 0.38720703125 0.1708984375 0.171875
0 0.2734375 0.39794921875 0.1875 0.1376953125
1 0.8662109375 0.42626953125 0.046875 0.04296875
1 0.7001953125 0.43359375 0.12890625 0.1005859375
1 0.96875 0.0478515625 0.048828125 0.0439453125
2 0.08349609375 0.49609375 0.1669921875 0.2568359375
1 0.82080078125 0.505859375 0.0380859375 0.0341796875
1 0.318359375 0.52001953125 0.060546875 0.0615234375
1 0.5458984375 0.55322265625 0.0869140625 0.08984375
1 0.93212890625 0.576171875 0.0927734375 0.0654296875
1 0.62744140625 0.5927734375 0.0458984375 0.0439453125
1 0.79638671875 0.62353515625 0.0400390625 0.0390625
2 0.2900390625 0.6455078125 0.2265625 0.1767578125
1 0.5048828125 0.66552734375 0.046875 0.0615234375
1 0.89111328125 0.66845703125 0.1162109375 0.10546875
1 0.69677734375 0.69580078125 0.072265625 0.0380859375
1 0.54541015625 0.75 0.0341796875 0.0302734375
1 0.6357421875 0.75146484375 0.03515625 0.0302734375
1 0.76123046875 0.7646484375 0.0400390625 0.0322265625
1 0.95849609375 0.7685546875 0.0830078125 0.064453125
1 0.82275390625 0.8427734375 0.0556640625 0.0595703125
1 0.41650390625 0.8798828125 0.095703125 0.1005859375
2 0.1728515625 0.8876953125 0.345703125 0.224609375
1 0.71240234375 0.90576171875 0.0634765625 0.052734375
1 0.91015625 0.935546875 0.0732421875 0.0869140625
1 0.71923828125 0.09765625 0.0595703125 0.0546875
1 0.56298828125 0.97314453125 0.0595703125 0.0537109375