0 0.234375 0.162109375 0.466796875 0.32421875
1 0.9765625 0.2060546875 0.046875 0.2060546875
2 0.59228515625 0.2158203125 0.1982421875 0.4267578125
1 0.853515625 0.27197265625 0.072265625 0.0771484375
1 0.93310546875 0.0380859375 0.076171875 0.076171875
1 0.85009765625 0.4287109375 0.22265625 0.1728515625
2 0.2421875 0.49462890625 0.484375 0.3251953125
1 0.58154296875 0.5068359375 0.1416015625 0.1220703125
1 0.54296875 0.62060546875 0.05859375 0.060546875
1 0.90087890625 0.6875 0.064453125 0.0888671875
1 0.78466796875 0.697265625 0.0869140625 0.2041015625
1 0.6875 0.7236328125 0.0595703125 0.0634765625
1 0.37841796875 0.83349609375 0.4814453125 0.330078125
1 0.74658203125 0.9208984375 0.1396484375 0.158203125