1 0.71533203125 0.1064453125 0.0576171875 0.06640625
0 0.52294921875 0.1357421875 0.2724609375 0.251953125
1 0.197265625 0.18212890625 0.0556640625 0.0615234375
1 0.85400390625 0.33203125 0.0947265625 0.09765625
1 0.94873046875 0.36181640625 0.0634765625 0.0859375
0 0.248046875 0.3798828125 0.2177734375 0.1787109375
0 0.4755859375 0.39208984375 0.158203125 0.173828125
1 0.6982421875 0.4296875 0.1494140625 0.1162109375
1 0.3203125 0.51904296875 0.05859375 0.06640625
1 0.54248046875 0.55419921875 0.0830078125 0.0830078125
1 0.86962890625 0.63232421875 0.2294921875 0.17578125
1 0.50634765625 0.66650390625 0.0703125 0.0712890625
1 0.6953125 0.69482421875 0.0703125 0.056640625
0 0.16943359375 0.7236328125 0.2509765625 0.1572265625
1 0.95654296875 0.7705078125 0.0849609375 0.0712890625
1 0.81591796875 0.83984375 0.0625 0.068359375
1 0.3935546875 0.8544921875 0.0439453125 0.0439453125
1 0.70849609375 0.89990234375 0.0625 0.06640625
1 0.4423828125 0.90087890625 0.0439453125 0.048828125
2 0.173828125 0.9072265625 0.3447265625 0.1826171875
1 0.9052734375 0.9326171875 0.0703125 0.0927734375
1 0.5595703125 0.96923828125 0.0537109375 0.05859375
1 0.6630859375 0.9755859375 0.0791015625 0.048828125