0 0.92626953125 0.12939453125 0.1474609375 0.087890625
0 0.130859375 0.27490234375 0.26171875 0.3642578125
0 0.4951171875 0.28466796875 0.36328125 0.359375
1 0.9306640625 0.423828125 0.111328125 0.1103515625
1 0.16064453125 0.57275390625 0.1142578125 0.1201171875
1 0.64501953125 0.6484375 0.19921875 0.1884765625
2 0.1494140625 0.71435546875 0.298828125 0.1396484375
0 0.4228515625 0.72509765625 0.2294921875 0.1171875
1 0.8427734375 0.7470703125 0.1015625 0.1025390625
2 0.23095703125 0.89794921875 0.4619140625 0.2041015625
1 0.54638671875 0.9072265625 0.1142578125 0.1494140625