1 0.7197265625 0.1005859375 0.0576171875 0.060546875
1 0.1962890625 0.17822265625 0.0576171875 0.0576171875
0 0.4755859375 0.39111328125 0.1689453125 0.169921875
0 0.2802734375 0.392578125 0.16796875 0.1572265625
1 0.70263671875 0.43310546875 0.1240234375 0.107421875
0 0.525390625 0.04736328125 0.255859375 0.0947265625
2 0.07421875 0.47509765625 0.146484375 0.2236328125
1 0.26708984375 0.55078125 0.0751953125 0.078125
1 0.609375 0.603515625 0.134765625 0.1318359375
1 0.79052734375 0.60791015625 0.0478515625 0.04296875
1 0.74365234375 0.67431640625 0.0791015625 0.0625
2 0.1923828125 0.7158203125 0.37890625 0.2353515625
1 0.7939453125 0.73291015625 0.03515625 0.029296875
1 0.83349609375 0.76513671875 0.0361328125 0.02734375
1 0.5478515625 0.79150390625 0.0673828125 0.0849609375
1 0.8681640625 0.85400390625 0.1201171875 0.05859375
1 0.7529296875 0.869140625 0.0419921875 0.0380859375
2 0.3798828125 0.923828125 0.390625 0.15234375
1 0.611328125 0.93017578125 0.0498046875 0.041015625
1 0.76318359375 0.947265625 0.0517578125 0.044921875
1 0.97412109375 0.97265625 0.0517578125 0.0537109375