0 0.26318359375 0.1787109375 0.5205078125 0.3564453125
2 0.64599609375 0.212890625 0.2119140625 0.42578125
1 0.88232421875 0.43798828125 0.2353515625 0.1796875
1 0.63134765625 0.513671875 0.1533203125 0.1494140625
2 0.26513671875 0.5146484375 0.5244140625 0.2978515625
1 0.58935546875 0.62548828125 0.056640625 0.0546875
1 0.8525390625 0.712890625 0.095703125 0.2353515625
1 0.95849609375 0.712890625 0.0830078125 0.1162109375
1 0.75 0.73486328125 0.056640625 0.060546875
1 0.42041015625 0.83740234375 0.4794921875 0.3251953125
2 0.0849609375 0.837890625 0.1640625 0.32421875
1 0.810546875 0.9375 0.1455078125 0.125