1 0.9248046875 0.98046875 0.05859375 0.0390625
1 0.10693359375 0.13671875 0.0712890625 0.06640625
2 0.82568359375 0.1474609375 0.3486328125 0.1220703125
2 0.248046875 0.14892578125 0.181640625 0.2978515625
1 0.87353515625 0.244140625 0.0625 0.0517578125
1 0.96240234375 0.33203125 0.0751953125 0.1435546875
0 0.46533203125 0.40869140625 0.2333984375 0.2314453125
0 0.201171875 0.41357421875 0.220703125 0.2060546875
1 0.78564453125 0.04248046875 0.0673828125 0.0615234375
1 0.78857421875 0.47021484375 0.1806640625 0.146484375
1 0.9716796875 0.57177734375 0.0517578125 0.04296875
1 0.2421875 0.5908203125 0.076171875 0.080078125
1 0.73291015625 0.63330078125 0.0439453125 0.0419921875
1 0.56787109375 0.642578125 0.1279296875 0.1201171875
1 0.69775390625 0.7001953125 0.07421875 0.0546875
1 0.74072265625 0.75048828125 0.03515625 0.0322265625
1 0.95556640625 0.7509765625 0.0615234375 0.0556640625
2 0.1650390625 0.7822265625 0.330078125 0.2744140625
1 0.78125 0.78759765625 0.03515625 0.029296875
1 0.51220703125 0.81884765625 0.0703125 0.080078125
1 0.8125 0.86865234375 0.1064453125 0.05859375
2 0.4033203125 0.873046875 0.125 0.25390625
0 0.49658203125 0.08984375 0.2763671875 0.1796875
1 0.70703125 0.890625 0.0302734375 0.0361328125
1 0.57470703125 0.9580078125 0.0576171875 0.0478515625
1 0.720703125 0.9697265625 0.056640625 0.0400390625