2 0.32666015625 0.23193359375 0.265625 0.4638671875
1 0.72216796875 0.4287109375 0.0751953125 0.1298828125
1 0.5830078125 0.43359375 0.1484375 0.33984375
1 0.4169921875 0.52880859375 0.099609375 0.1103515625
1 0.89892578125 0.576171875 0.1455078125 0.322265625
0 0.08935546875 0.07080078125 0.1787109375 0.1416015625
2 0.37646484375 0.81005859375 0.263671875 0.3798828125
0 0.115234375 0.8115234375 0.23046875 0.3779296875
1 0.607421875 0.86865234375 0.16796875 0.2626953125
1 0.802734375 0.08935546875 0.119140625 0.1787109375
1 0.802734375 0.923828125 0.1875 0.1533203125
1 0.59619140625 0.09521484375 0.248046875 0.1904296875