1 0.61962890625 0.98095703125 0.0556640625 0.0380859375
1 0.05224609375 0.0185546875 0.068359375 0.037109375
0 0.89599609375 0.19287109375 0.2080078125 0.1611328125
0 0.15283203125 0.31884765625 0.3056640625 0.291015625
0 0.49853515625 0.33349609375 0.2783203125 0.291015625
1 0.904296875 0.4140625 0.19140625 0.18359375
0 0.626953125 0.04638671875 0.3828125 0.0927734375
2 0.91650390625 0.05029296875 0.1669921875 0.1005859375
1 0.232421875 0.55419921875 0.087890625 0.087890625
1 0.62451171875 0.62158203125 0.138671875 0.14453125
0 0.44482421875 0.6875 0.2001953125 0.095703125
2 0.08837890625 0.6884765625 0.1767578125 0.4248046875
1 0.78173828125 0.6982421875 0.0869140625 0.078125
2 0.26318359375 0.08056640625 0.32421875 0.1611328125
1 0.55126953125 0.83154296875 0.080078125 0.1103515625
2 0.3447265625 0.87353515625 0.3076171875 0.2529296875
1 0.92236328125 0.91064453125 0.1337890625 0.078125
0 0.0615234375 0.95654296875 0.123046875 0.0869140625