1 0.974609375 0.14892578125 0.05078125 0.0703125
2 0.18115234375 0.189453125 0.3564453125 0.1513671875
0 0.501953125 0.353515625 0.255859375 0.2568359375
0 0.24560546875 0.3759765625 0.1806640625 0.1962890625
1 0.8671875 0.4228515625 0.197265625 0.1494140625
0 0.525390625 0.04736328125 0.255859375 0.0947265625
2 0.07421875 0.47509765625 0.146484375 0.2236328125
1 0.26708984375 0.54931640625 0.0751953125 0.078125
1 0.609375 0.603515625 0.134765625 0.1318359375
1 0.79052734375 0.60791015625 0.0478515625 0.04296875
1 0.1142578125 0.0654296875 0.07421875 0.0751953125
1 0.74365234375 0.67431640625 0.0791015625 0.0625
2 0.1923828125 0.7158203125 0.37890625 0.2353515625
1 0.7939453125 0.72998046875 0.03515625 0.029296875
1 0.83349609375 0.76220703125 0.0361328125 0.02734375
1 0.54443359375 0.78515625 0.0673828125 0.0849609375
1 0.8623046875 0.85400390625 0.1201171875 0.05859375
1 0.74853515625 0.86328125 0.0419921875 0.0380859375
2 0.3798828125 0.923828125 0.390625 0.15234375
1 0.60986328125 0.92529296875 0.0498046875 0.041015625
1 0.76318359375 0.9423828125 0.0517578125 0.044921875
1 0.97412109375 0.97265625 0.0517578125 0.0537109375