1 0.66259765625 0.97900390625 0.0439453125 0.0341796875
1 0.71875 0.10009765625 0.0537109375 0.048828125
0 0.48388671875 0.10986328125 0.2236328125 0.1943359375
1 0.19921875 0.17919921875 0.0673828125 0.052734375
1 0.7705078125 0.267578125 0.04296875 0.0419921875
1 0.85009765625 0.330078125 0.0849609375 0.0859375
1 0.947265625 0.35205078125 0.05078125 0.044921875
0 0.47314453125 0.38916015625 0.1611328125 0.1650390625
0 0.2880859375 0.3984375 0.15234375 0.1328125
1 0.86474609375 0.421875 0.0478515625 0.0419921875
1 0.7041015625 0.43603515625 0.1357421875 0.1103515625
1 0.82177734375 0.5048828125 0.0361328125 0.0361328125
2 0.10205078125 0.50634765625 0.2041015625 0.2890625
1 0.96826171875 0.05078125 0.041015625 0.03515625
1 0.32275390625 0.5205078125 0.0546875 0.0576171875
1 0.54638671875 0.55078125 0.0888671875 0.08203125
1 0.927734375 0.5751953125 0.0830078125 0.060546875
1 0.62939453125 0.59033203125 0.044921875 0.0400390625
1 0.79296875 0.62109375 0.0458984375 0.0380859375
1 0.5087890625 0.66650390625 0.0458984375 0.0595703125
1 0.88623046875 0.6669921875 0.111328125 0.1083984375
2 0.34375 0.67919921875 0.251953125 0.146484375
1 0.712890625 0.69384765625 0.0380859375 0.0361328125
1 0.544921875 0.74658203125 0.037109375 0.03125
1 0.6318359375 0.7509765625 0.03515625 0.0244140625
1 0.76171875 0.76611328125 0.02734375 0.03515625
1 0.9521484375 0.7666015625 0.0703125 0.0556640625
1 0.81982421875 0.83935546875 0.0517578125 0.05078125
1 0.3935546875 0.8564453125 0.046875 0.046875
2 0.1806640625 0.88916015625 0.361328125 0.2216796875
1 0.7138671875 0.90234375 0.044921875 0.052734375
1 0.4404296875 0.9033203125 0.0390625 0.03515625
1 0.908203125 0.93212890625 0.06640625 0.083984375
1 0.5634765625 0.96923828125 0.0546875 0.0537109375