1 0.77685546875 0.11181640625 0.0556640625 0.08203125
1 0.955078125 0.12109375 0.041015625 0.05078125
0 0.1875 0.154296875 0.375 0.30859375
1 0.9560546875 0.216796875 0.0390625 0.0458984375
2 0.49609375 0.22021484375 0.208984375 0.4365234375
1 0.89111328125 0.02490234375 0.0458984375 0.0498046875
1 0.8447265625 0.28173828125 0.07421875 0.19140625
1 0.94580078125 0.326171875 0.1083984375 0.1279296875
1 0.88134765625 0.43359375 0.0537109375 0.0693359375
1 0.7109375 0.46435546875 0.197265625 0.1455078125
2 0.18505859375 0.5029296875 0.3701171875 0.3681640625
1 0.47265625 0.52734375 0.158203125 0.1318359375
1 0.86865234375 0.580078125 0.0439453125 0.0732421875
1 0.44091796875 0.63720703125 0.0556640625 0.0625
1 0.95263671875 0.68603515625 0.0947265625 0.12109375
1 0.67333984375 0.69921875 0.0751953125 0.1943359375
1 0.58349609375 0.72705078125 0.0400390625 0.06640625
1 0.92431640625 0.8447265625 0.1513671875 0.177734375
1 0.26513671875 0.8486328125 0.5302734375 0.302734375
1 0.64208984375 0.9228515625 0.1376953125 0.154296875