2 0.33984375 0.2236328125 0.263671875 0.447265625
1 0.86376953125 0.2724609375 0.1240234375 0.1494140625
1 0.587890625 0.42724609375 0.1533203125 0.3564453125
1 0.75146484375 0.44921875 0.109375 0.17578125
2 0.09814453125 0.462890625 0.1962890625 0.3056640625
1 0.41552734375 0.51513671875 0.1025390625 0.1123046875
1 0.9052734375 0.615234375 0.1337890625 0.2197265625
2 0.36328125 0.802734375 0.2607421875 0.39453125
0 0.10888671875 0.81396484375 0.2177734375 0.373046875
1 0.82958984375 0.08544921875 0.1044921875 0.1708984375
1 0.60009765625 0.8564453125 0.1826171875 0.287109375
1 0.759765625 0.90478515625 0.0869140625 0.1884765625
1 0.60986328125 0.091796875 0.2509765625 0.18359375
1 0.8818359375 0.92626953125 0.1015625 0.1484375