1 0.568359375 0.98095703125 0.05078125 0.0380859375
0 0.52294921875 0.1171875 0.267578125 0.234375
1 0.18359375 0.1650390625 0.0537109375 0.056640625
0 0.03564453125 0.20751953125 0.0712890625 0.107421875
1 0.83544921875 0.302734375 0.1455078125 0.1318359375
1 0.9599609375 0.35546875 0.0576171875 0.076171875
0 0.1982421875 0.36865234375 0.3173828125 0.185546875
0 0.47314453125 0.38330078125 0.16796875 0.1708984375
1 0.71337890625 0.43603515625 0.1259765625 0.095703125
0 0.16748046875 0.04638671875 0.3349609375 0.0927734375
1 0.8330078125 0.5126953125 0.033203125 0.0341796875
1 0.31298828125 0.51904296875 0.0634765625 0.056640625
1 0.5498046875 0.5556640625 0.078125 0.0859375
2 0.1357421875 0.5615234375 0.271484375 0.17578125
1 0.94921875 0.580078125 0.099609375 0.06640625
0 0.43994140625 0.59228515625 0.1123046875 0.0615234375
1 0.6318359375 0.5947265625 0.05078125 0.046875
1 0.81005859375 0.62646484375 0.041015625 0.0419921875
1 0.5048828125 0.673828125 0.05078125 0.0634765625
1 0.90283203125 0.67626953125 0.119140625 0.107421875
0 0.904296875 0.068359375 0.19140625 0.13671875
1 0.7060546875 0.7021484375 0.072265625 0.0419921875
2 0.37890625 0.72412109375 0.1806640625 0.1787109375
0 0.16064453125 0.73486328125 0.2216796875 0.1513671875
1 0.54736328125 0.75830078125 0.0341796875 0.056640625
1 0.7734375 0.775390625 0.03125 0.0419921875
1 0.96533203125 0.7763671875 0.0693359375 0.068359375
1 0.73046875 0.08447265625 0.052734375 0.0517578125
1 0.8330078125 0.8544921875 0.052734375 0.048828125
1 0.41064453125 0.8935546875 0.09765625 0.0927734375
2 0.17626953125 0.91162109375 0.3525390625 0.177734375
1 0.71484375 0.91943359375 0.0556640625 0.046875
1 0.92333984375 0.95166015625 0.0673828125 0.0966796875