2 0.1884765625 0.19287109375 0.3759765625 0.3857421875
1 0.73681640625 0.20263671875 0.109375 0.126953125
1 0.490234375 0.32958984375 0.1533203125 0.3955078125
1 0.63525390625 0.3857421875 0.091796875 0.1904296875
1 0.763671875 0.46044921875 0.095703125 0.33984375
1 0.294921875 0.46142578125 0.119140625 0.1220703125
2 0.0966796875 0.47119140625 0.193359375 0.1171875
1 0.6123046875 0.048828125 0.294921875 0.09765625
2 0.20751953125 0.77587890625 0.30859375 0.4482421875
1 0.47900390625 0.78369140625 0.1904296875 0.3515625
1 0.6953125 0.83935546875 0.2119140625 0.2529296875