1 0.8935546875 0.9853515625 0.07421875 0.029296875
1 0.02734375 0.09912109375 0.0546875 0.068359375
2 0.5830078125 0.1728515625 0.8173828125 0.0634765625
1 0.0791015625 0.19677734375 0.1064453125 0.0810546875
2 0.12158203125 0.2822265625 0.2431640625 0.0634765625
2 0.91259765625 0.45361328125 0.1748046875 0.4501953125
0 0.53515625 0.470703125 0.541015625 0.4755859375
0 0.77099609375 0.04931640625 0.1416015625 0.0986328125
0 0.10791015625 0.4892578125 0.21484375 0.3134765625
2 0.93212890625 0.05419921875 0.1357421875 0.1083984375
0 0.1474609375 0.05615234375 0.1767578125 0.1123046875
1 0.271484375 0.06005859375 0.0498046875 0.033203125
0 0.53466796875 0.06494140625 0.310546875 0.1298828125
1 0.98583984375 0.74169921875 0.0283203125 0.095703125
2 0.47216796875 0.83984375 0.9443359375 0.2216796875