2 0.130859375 0.11865234375 0.1533203125 0.21875
2 0.90234375 0.353515625 0.1923828125 0.4248046875
0 0.5107421875 0.38330078125 0.55859375 0.49609375
0 0.09375 0.4072265625 0.1875 0.3330078125
1 0.0224609375 0.04931640625 0.044921875 0.0517578125
2 0.61376953125 0.05712890625 0.7724609375 0.1142578125
1 0.94384765625 0.65869140625 0.1123046875 0.1376953125
2 0.75244140625 0.72314453125 0.22265625 0.154296875
2 0.10009765625 0.73095703125 0.1865234375 0.27734375
2 0.41259765625 0.82421875 0.408203125 0.3515625
1 0.81591796875 0.91162109375 0.3681640625 0.1767578125
1 0.13037109375 0.947265625 0.091796875 0.10546875