1 0.89404296875 0.11572265625 0.041015625 0.0615234375
0 0.15966796875 0.12255859375 0.3193359375 0.2451171875
2 0.44287109375 0.2138671875 0.2001953125 0.427734375
1 0.84130859375 0.0244140625 0.0400390625 0.048828125
1 0.84423828125 0.2724609375 0.166015625 0.20703125
1 0.8212890625 0.41650390625 0.0400390625 0.056640625
1 0.64453125 0.44775390625 0.189453125 0.14453125
2 0.1689453125 0.4609375 0.33203125 0.4169921875
1 0.9306640625 0.4990234375 0.064453125 0.123046875
1 0.43994140625 0.50732421875 0.1494140625 0.1279296875
1 0.8115234375 0.55517578125 0.0400390625 0.0576171875
1 0.40478515625 0.623046875 0.056640625 0.0595703125
1 0.890625 0.64892578125 0.0849609375 0.107421875
1 0.62255859375 0.67626953125 0.078125 0.19921875
1 0.54345703125 0.705078125 0.0478515625 0.0576171875
1 0.95947265625 0.7763671875 0.03515625 0.0458984375
1 0.84326171875 0.77978515625 0.1171875 0.123046875
1 0.2392578125 0.83740234375 0.43359375 0.314453125
1 0.5693359375 0.90234375 0.10546875 0.15625
1 0.734375 0.0908203125 0.0537109375 0.0888671875
1 0.94091796875 0.91455078125 0.1181640625 0.119140625
1 0.669921875 0.958984375 0.080078125 0.08203125