1 0.732421875 0.1533203125 0.083984375 0.0712890625
0 0.4716796875 0.1728515625 0.26171875 0.2080078125
1 0.1142578125 0.22705078125 0.0869140625 0.0712890625
0 0.58740234375 0.02587890625 0.126953125 0.0517578125
1 0.8203125 0.32421875 0.0615234375 0.05859375
1 0.93505859375 0.40185546875 0.1259765625 0.146484375
0 0.11474609375 0.04296875 0.2197265625 0.0859375
0 0.154296875 0.4697265625 0.3037109375 0.2431640625
0 0.45263671875 0.4775390625 0.240234375 0.2265625
1 0.97509765625 0.5185546875 0.0498046875 0.0673828125
1 0.759765625 0.5302734375 0.185546875 0.1689453125
1 0.7578125 0.05712890625 0.2021484375 0.1142578125
1 0.9501953125 0.63427734375 0.0703125 0.0576171875
1 0.21630859375 0.6689453125 0.1103515625 0.1220703125
1 0.55322265625 0.70458984375 0.1396484375 0.1357421875
1 0.69189453125 0.77294921875 0.08984375 0.0927734375
0 0.39501953125 0.775390625 0.15625 0.1005859375
2 0.23046875 0.77978515625 0.138671875 0.0732421875
2 0.07763671875 0.8056640625 0.1376953125 0.388671875
1 0.94189453125 0.81494140625 0.0810546875 0.08984375
1 0.49560546875 0.91064453125 0.091796875 0.10546875
2 0.29736328125 0.91796875 0.2578125 0.1640625
1 0.8125 0.9560546875 0.126953125 0.087890625