2 0.20654296875 0.205078125 0.4130859375 0.41015625
1 0.75146484375 0.24072265625 0.1044921875 0.14453125
1 0.5048828125 0.38330078125 0.158203125 0.3759765625
1 0.642578125 0.40283203125 0.0869140625 0.1806640625
1 0.32421875 0.48828125 0.1142578125 0.126953125
1 0.7890625 0.51904296875 0.1015625 0.3740234375
2 0.12744140625 0.54931640625 0.2548828125 0.2490234375
1 0.54736328125 0.0732421875 0.208984375 0.146484375
1 0.74169921875 0.07958984375 0.099609375 0.1591796875
1 0.51806640625 0.82666015625 0.17578125 0.3203125
2 0.2705078125 0.84326171875 0.2802734375 0.314453125
0 0.05517578125 0.845703125 0.1103515625 0.3095703125
1 0.73779296875 0.87841796875 0.228515625 0.2431640625