1 0.7158203125 0.1015625 0.052734375 0.0517578125
0 0.51806640625 0.13818359375 0.267578125 0.251953125
1 0.1982421875 0.1806640625 0.048828125 0.0537109375
2 0.3056640625 0.1845703125 0.13671875 0.1591796875
1 0.822265625 0.31396484375 0.1484375 0.1298828125
0 0.1826171875 0.37109375 0.36328125 0.1953125
0 0.47314453125 0.3896484375 0.158203125 0.1689453125
1 0.8662109375 0.4287109375 0.041015625 0.037109375
1 0.7001953125 0.44189453125 0.1337890625 0.107421875
1 0.3193359375 0.51904296875 0.0556640625 0.0517578125
1 0.5439453125 0.55322265625 0.080078125 0.0810546875
2 0.140625 0.5654296875 0.28125 0.173828125
1 0.92578125 0.5810546875 0.091796875 0.068359375
1 0.505859375 0.67041015625 0.0537109375 0.06640625
1 0.6953125 0.6982421875 0.0751953125 0.048828125
2 0.3837890625 0.70947265625 0.17578125 0.1689453125
0 0.1640625 0.7275390625 0.205078125 0.1318359375
0 0.89208984375 0.07470703125 0.2158203125 0.1494140625
1 0.9541015625 0.76904296875 0.0703125 0.0634765625
1 0.822265625 0.8447265625 0.05078125 0.05859375
1 0.41552734375 0.88037109375 0.09765625 0.0908203125
2 0.1787109375 0.90283203125 0.357421875 0.1943359375
1 0.7158203125 0.90576171875 0.04296875 0.048828125
1 0.91015625 0.93994140625 0.060546875 0.0830078125
1 0.5595703125 0.97412109375 0.048828125 0.048828125