1 0.88671875 0.1494140625 0.0615234375 0.056640625
1 0.046875 0.0224609375 0.072265625 0.044921875
1 0.96240234375 0.25048828125 0.0751953125 0.1455078125
0 0.48681640625 0.03271484375 0.2177734375 0.0654296875
0 0.45849609375 0.32275390625 0.2314453125 0.23828125
0 0.2138671875 0.33984375 0.171875 0.1904296875
1 0.7822265625 0.39404296875 0.1640625 0.138671875
1 0.9443359375 0.49560546875 0.05078125 0.044921875
1 0.23828125 0.509765625 0.076171875 0.0732421875
1 0.71240234375 0.552734375 0.044921875 0.0400390625
1 0.55615234375 0.55517578125 0.1142578125 0.1103515625
2 0.09912109375 0.599609375 0.1923828125 0.3115234375
1 0.67041015625 0.60791015625 0.0595703125 0.048828125
1 0.90576171875 0.654296875 0.0576171875 0.052734375
1 0.712890625 0.65869140625 0.025390625 0.03125
1 0.9716796875 0.67236328125 0.056640625 0.08203125
1 0.50341796875 0.7119140625 0.0634765625 0.0712890625
1 0.76513671875 0.751953125 0.095703125 0.0478515625
1 0.67333984375 0.76611328125 0.0322265625 0.03515625
2 0.3369140625 0.78466796875 0.26171875 0.294921875
1 0.55712890625 0.8271484375 0.0419921875 0.041015625
1 0.68115234375 0.83203125 0.0439453125 0.0341796875
1 0.85302734375 0.8447265625 0.0439453125 0.037109375
2 0.2265625 0.09375 0.275390625 0.1865234375
1 0.9287109375 0.9453125 0.068359375 0.064453125
1 0.3515625 0.9716796875 0.072265625 0.056640625