1 0.8828125 0.11572265625 0.041015625 0.0615234375
0 0.15966796875 0.12255859375 0.3193359375 0.2451171875
2 0.44287109375 0.2138671875 0.2001953125 0.427734375
1 0.83056640625 0.0244140625 0.0400390625 0.048828125
1 0.830078125 0.27880859375 0.166015625 0.20703125
1 0.81005859375 0.41943359375 0.0400390625 0.056640625
1 0.64453125 0.44775390625 0.189453125 0.14453125
2 0.1689453125 0.4609375 0.33203125 0.4169921875
1 0.9228515625 0.49755859375 0.064453125 0.123046875
1 0.41943359375 0.50732421875 0.1494140625 0.1279296875
1 0.77880859375 0.556640625 0.0400390625 0.0576171875
1 0.3984375 0.623046875 0.056640625 0.0595703125
1 0.85791015625 0.64404296875 0.0849609375 0.107421875
1 0.62255859375 0.67626953125 0.078125 0.19921875
1 0.53564453125 0.705078125 0.0478515625 0.0576171875
1 0.93896484375 0.7685546875 0.03515625 0.0458984375
1 0.84326171875 0.77978515625 0.1171875 0.123046875
1 0.2392578125 0.83740234375 0.43359375 0.314453125
1 0.5693359375 0.90234375 0.10546875 0.15625
1 0.92578125 0.916015625 0.1181640625 0.119140625
1 0.72314453125 0.095703125 0.0537109375 0.0888671875
1 0.669921875 0.958984375 0.080078125 0.08203125