0 0.525390625 0.11865234375 0.27734375 0.2373046875
1 0.1826171875 0.16650390625 0.0654296875 0.0771484375
1 0.78076171875 0.25634765625 0.052734375 0.05078125
0 0.1005859375 0.318359375 0.1953125 0.1357421875
1 0.8671875 0.322265625 0.091796875 0.09765625
1 0.9638671875 0.3486328125 0.068359375 0.072265625
0 0.2451171875 0.03857421875 0.16796875 0.0771484375
0 0.28271484375 0.38818359375 0.1591796875 0.1611328125
0 0.470703125 0.390625 0.16796875 0.17578125
1 0.88671875 0.4267578125 0.0537109375 0.0595703125
1 0.7216796875 0.43115234375 0.15234375 0.138671875
1 0.83642578125 0.51025390625 0.0419921875 0.02734375
2 0.1015625 0.51171875 0.201171875 0.1728515625
1 0.3154296875 0.5283203125 0.083984375 0.078125
1 0.54248046875 0.5556640625 0.087890625 0.0859375
1 0.64013671875 0.5927734375 0.0595703125 0.0595703125
1 0.89306640625 0.63818359375 0.2138671875 0.197265625
1 0.50634765625 0.67236328125 0.07421875 0.08203125
1 0.70654296875 0.70068359375 0.0830078125 0.068359375
0 0.15185546875 0.72412109375 0.2392578125 0.177734375
2 0.37548828125 0.72412109375 0.1640625 0.193359375
1 0.5419921875 0.76025390625 0.0556640625 0.046875
1 0.96728515625 0.779296875 0.0654296875 0.0771484375
0 0.89306640625 0.0791015625 0.2138671875 0.158203125
1 0.72021484375 0.0849609375 0.0712890625 0.0673828125
1 0.828125 0.857421875 0.0771484375 0.0732421875
1 0.4072265625 0.89892578125 0.11328125 0.1064453125
2 0.1708984375 0.9169921875 0.33203125 0.166015625
1 0.716796875 0.91845703125 0.0810546875 0.07421875
1 0.92333984375 0.9501953125 0.080078125 0.099609375
1 0.5634765625 0.974609375 0.0751953125 0.05078125