2 0.1884765625 0.19287109375 0.3759765625 0.3857421875
1 0.7197265625 0.21728515625 0.109375 0.126953125
1 0.4658203125 0.33837890625 0.1533203125 0.388671875
1 0.61572265625 0.39306640625 0.091796875 0.1904296875
1 0.26806640625 0.46142578125 0.119140625 0.1220703125
1 0.7353515625 0.47119140625 0.091796875 0.33203125
2 0.0966796875 0.47119140625 0.193359375 0.1171875
1 0.6123046875 0.048828125 0.294921875 0.09765625
2 0.20751953125 0.77587890625 0.30859375 0.4482421875
1 0.46923828125 0.78369140625 0.1904296875 0.3515625
1 0.685546875 0.8466796875 0.2119140625 0.2529296875