1 0.09765625 0.10693359375 0.1953125 0.2138671875
2 0.3134765625 0.1103515625 0.19140625 0.2119140625
1 0.767578125 0.11669921875 0.146484375 0.2333984375
1 0.55322265625 0.12646484375 0.2607421875 0.2529296875
1 0.828125 0.32470703125 0.150390625 0.140625
1 0.5439453125 0.35205078125 0.0625 0.08203125
2 0.18212890625 0.43408203125 0.3544921875 0.40625
1 0.58984375 0.451171875 0.064453125 0.0654296875
1 0.72021484375 0.478515625 0.0634765625 0.1318359375
1 0.86279296875 0.49658203125 0.0791015625 0.09375
1 0.42529296875 0.5615234375 0.1064453125 0.1103515625
1 0.59326171875 0.625 0.1416015625 0.2490234375
1 0.9052734375 0.6748046875 0.16015625 0.2392578125
1 0.12255859375 0.826171875 0.2451171875 0.34765625
2 0.38623046875 0.8310546875 0.2431640625 0.337890625
1 0.6435546875 0.892578125 0.1328125 0.21484375
1 0.77294921875 0.951171875 0.0869140625 0.09765625
1 0.890625 0.962890625 0.0634765625 0.07421875