1 0.7158203125 0.1005859375 0.0859375 0.07421875
0 0.48583984375 0.11328125 0.208984375 0.2177734375
0 0.14599609375 0.01806640625 0.091796875 0.0361328125
2 0.30810546875 0.17724609375 0.111328125 0.1708984375
1 0.1982421875 0.1796875 0.0751953125 0.0849609375
2 0.8447265625 0.19140625 0.2890625 0.0703125
0 0.76123046875 0.02197265625 0.154296875 0.0439453125
0 0.046875 0.22705078125 0.09375 0.1337890625
1 0.76708984375 0.27001953125 0.052734375 0.05078125
1 0.88720703125 0.361328125 0.1708984375 0.1630859375
0 0.23974609375 0.375 0.2509765625 0.19140625
0 0.47265625 0.388671875 0.1787109375 0.1796875
1 0.69677734375 0.4296875 0.130859375 0.12890625
0 0.04150390625 0.04443359375 0.08203125 0.0888671875
1 0.81494140625 0.50390625 0.0439453125 0.0498046875
1 0.96142578125 0.05224609375 0.0537109375 0.052734375
1 0.32177734375 0.5224609375 0.0712890625 0.083984375
1 0.5439453125 0.55322265625 0.0859375 0.09765625
0 0.43115234375 0.5556640625 0.1181640625 0.1142578125
2 0.1416015625 0.560546875 0.25390625 0.1484375
1 0.634765625 0.57177734375 0.0732421875 0.091796875
1 0.8837890625 0.63037109375 0.232421875 0.177734375
1 0.50537109375 0.66552734375 0.060546875 0.0732421875
1 0.69384765625 0.69580078125 0.07421875 0.05078125
2 0.3740234375 0.71240234375 0.1640625 0.1669921875
0 0.162109375 0.72412109375 0.2060546875 0.1435546875
1 0.54150390625 0.7490234375 0.0380859375 0.0400390625
1 0.63232421875 0.75048828125 0.037109375 0.0439453125
1 0.75927734375 0.76025390625 0.0400390625 0.04296875
1 0.95458984375 0.76806640625 0.0908203125 0.07421875
1 0.80859375 0.8330078125 0.072265625 0.0791015625
1 0.41455078125 0.8779296875 0.1044921875 0.0986328125
1 0.7119140625 0.900390625 0.078125 0.06640625
2 0.17041015625 0.9072265625 0.3271484375 0.185546875
1 0.90673828125 0.93408203125 0.0888671875 0.1015625
1 0.560546875 0.96484375 0.0810546875 0.0703125
1 0.66162109375 0.9755859375 0.0634765625 0.048828125