2 0.24072265625 0.1005859375 0.1591796875 0.193359375
1 0.86181640625 0.18505859375 0.0634765625 0.0654296875
1 0.9501953125 0.31494140625 0.099609375 0.2265625
0 0.158203125 0.33203125 0.31640625 0.2373046875
0 0.4658203125 0.34423828125 0.2265625 0.244140625
1 0.7744140625 0.4140625 0.17578125 0.1376953125
1 0.92041015625 0.50830078125 0.0556640625 0.052734375
1 0.25927734375 0.5224609375 0.0908203125 0.103515625
1 0.5556640625 0.56298828125 0.1220703125 0.130859375
0 0.40234375 0.576171875 0.16015625 0.154296875
1 0.083984375 0.05908203125 0.0908203125 0.09765625
2 0.10107421875 0.5908203125 0.197265625 0.2353515625
1 0.68408203125 0.59619140625 0.08984375 0.115234375
0 0.47802734375 0.0673828125 0.28125 0.134765625
1 0.92138671875 0.67822265625 0.1572265625 0.1103515625
2 0.87109375 0.0703125 0.2578125 0.103515625
1 0.51025390625 0.71533203125 0.078125 0.0830078125
1 0.7568359375 0.748046875 0.09765625 0.080078125
2 0.3408203125 0.78173828125 0.2392578125 0.21875
0 0.0966796875 0.80810546875 0.193359375 0.138671875
1 0.55859375 0.81884765625 0.0537109375 0.05078125
1 0.67333984375 0.8271484375 0.064453125 0.0595703125
1 0.84423828125 0.84228515625 0.0576171875 0.0693359375
1 0.91748046875 0.9423828125 0.091796875 0.087890625
2 0.14697265625 0.95263671875 0.29296875 0.0947265625
1 0.384765625 0.9580078125 0.142578125 0.083984375