1 0.66650390625 0.978515625 0.0625 0.04296875
1 0.71044921875 0.1064453125 0.068359375 0.0908203125
0 0.4951171875 0.12451171875 0.21484375 0.236328125
1 0.19677734375 0.1796875 0.068359375 0.0693359375
0 0.0537109375 0.22509765625 0.107421875 0.1220703125
1 0.771484375 0.26416015625 0.052734375 0.0595703125
1 0.88623046875 0.3447265625 0.1669921875 0.1201171875
0 0.47216796875 0.390625 0.169921875 0.16015625
0 0.29833984375 0.41015625 0.1494140625 0.1435546875
1 0.69677734375 0.4345703125 0.1494140625 0.1376953125
2 0.10400390625 0.51904296875 0.20703125 0.244140625
1 0.318359375 0.52392578125 0.068359375 0.0625
1 0.54345703125 0.556640625 0.09375 0.1005859375
0 0.16455078125 0.05810546875 0.3291015625 0.1162109375
1 0.63037109375 0.59033203125 0.060546875 0.0703125
1 0.88232421875 0.62841796875 0.23046875 0.17578125
2 0.3515625 0.68896484375 0.19921875 0.1357421875
1 0.69091796875 0.69189453125 0.076171875 0.04296875
1 0.54052734375 0.7373046875 0.037109375 0.0478515625
1 0.759765625 0.76513671875 0.044921875 0.0302734375
0 0.88330078125 0.078125 0.22265625 0.1474609375
1 0.947265625 0.77197265625 0.1005859375 0.0859375
1 0.81689453125 0.841796875 0.05859375 0.0732421875
1 0.41552734375 0.8779296875 0.1025390625 0.0947265625
1 0.7099609375 0.89990234375 0.06640625 0.064453125
2 0.17529296875 0.900390625 0.345703125 0.1943359375
1 0.90576171875 0.939453125 0.068359375 0.1201171875
1 0.55517578125 0.9677734375 0.08203125 0.064453125