1 0.6669921875 0.9794921875 0.0546875 0.041015625
1 0.712890625 0.10498046875 0.0888671875 0.072265625
0 0.48779296875 0.111328125 0.2080078125 0.2177734375
1 0.1982421875 0.17919921875 0.0712890625 0.076171875
0 0.76513671875 0.01953125 0.1494140625 0.0390625
1 0.76708984375 0.26513671875 0.052734375 0.0732421875
1 0.896484375 0.36279296875 0.193359375 0.166015625
0 0.20703125 0.369140625 0.3115234375 0.2001953125
0 0.47412109375 0.392578125 0.1728515625 0.1787109375
1 0.69970703125 0.4375 0.1279296875 0.1357421875
0 0.04443359375 0.046875 0.0888671875 0.09375
1 0.3232421875 0.52392578125 0.07421875 0.078125
1 0.96826171875 0.0546875 0.0400390625 0.0498046875
1 0.537109375 0.55078125 0.1123046875 0.09375
2 0.1455078125 0.5546875 0.2705078125 0.14453125
1 0.6572265625 0.609375 0.10546875 0.0947265625
1 0.7861328125 0.623046875 0.05078125 0.0615234375
1 0.90185546875 0.62841796875 0.150390625 0.185546875
1 0.49853515625 0.66064453125 0.0546875 0.0673828125
0 0.1494140625 0.0068359375 0.09765625 0.013671875
1 0.69384765625 0.69580078125 0.0703125 0.0439453125
2 0.3740234375 0.70361328125 0.16015625 0.171875
0 0.15869140625 0.72314453125 0.203125 0.13671875
1 0.54443359375 0.7421875 0.037109375 0.0380859375
1 0.76025390625 0.76171875 0.04296875 0.0341796875
1 0.95849609375 0.7744140625 0.0830078125 0.064453125
1 0.814453125 0.8408203125 0.0693359375 0.0751953125
1 0.4130859375 0.88037109375 0.1103515625 0.1123046875
1 0.70947265625 0.90380859375 0.0703125 0.0654296875
2 0.17529296875 0.9052734375 0.341796875 0.189453125
1 0.90185546875 0.9365234375 0.0751953125 0.1064453125
1 0.55859375 0.9638671875 0.072265625 0.072265625