1 0.76611328125 0.10009765625 0.0654296875 0.0634765625
0 0.529296875 0.13916015625 0.333984375 0.2490234375
1 0.125 0.18701171875 0.068359375 0.0615234375
2 0.8544921875 0.19287109375 0.291015625 0.09765625
2 0.26171875 0.1943359375 0.17578125 0.2177734375
1 0.857421875 0.283203125 0.0625 0.05859375
1 0.95703125 0.375 0.0859375 0.154296875
0 0.1591796875 0.4287109375 0.318359375 0.2275390625
0 0.46826171875 0.44189453125 0.216796875 0.224609375
1 0.24365234375 0.6201171875 0.080078125 0.078125
1 0.5732421875 0.6689453125 0.1142578125 0.1220703125
2 0.09814453125 0.77734375 0.1962890625 0.4462890625
1 0.509765625 0.8583984375 0.0751953125 0.10546875
2 0.333984375 0.88720703125 0.2509765625 0.2265625
1 0.8173828125 0.90966796875 0.1142578125 0.076171875