1 0.61962890625 0.978515625 0.05078125 0.04296875
0 0.8984375 0.19677734375 0.203125 0.1591796875
1 0.06689453125 0.02685546875 0.0830078125 0.0537109375
0 0.15673828125 0.3271484375 0.3134765625 0.2734375
0 0.49853515625 0.3359375 0.283203125 0.2861328125
1 0.90087890625 0.41748046875 0.1982421875 0.1806640625
0 0.6181640625 0.048828125 0.384765625 0.09765625
2 0.9130859375 0.0537109375 0.173828125 0.107421875
1 0.23876953125 0.5556640625 0.0849609375 0.0908203125
1 0.6220703125 0.6201171875 0.138671875 0.1416015625
0 0.4423828125 0.68505859375 0.2001953125 0.095703125
2 0.091796875 0.68505859375 0.18359375 0.41796875
1 0.77685546875 0.69970703125 0.0771484375 0.0712890625
1 0.5498046875 0.82275390625 0.0830078125 0.1025390625
2 0.34619140625 0.87353515625 0.2998046875 0.2529296875
2 0.26806640625 0.08935546875 0.2900390625 0.1787109375
1 0.9150390625 0.8984375 0.1337890625 0.068359375
0 0.06396484375 0.953125 0.1279296875 0.0947265625