0 0.91796875 0.17919921875 0.1640625 0.0986328125
0 0.14013671875 0.29052734375 0.2802734375 0.32421875
0 0.49560546875 0.30517578125 0.326171875 0.33203125
1 0.91943359375 0.39404296875 0.1611328125 0.2060546875
1 0.1943359375 0.556640625 0.09765625 0.0966796875
2 0.5 0.05859375 1 0.1171875
1 0.6357421875 0.630859375 0.1611328125 0.1669921875
0 0.42626953125 0.70703125 0.2275390625 0.1220703125
1 0.81689453125 0.720703125 0.095703125 0.0908203125
2 0.06689453125 0.732421875 0.1337890625 0.53515625
1 0.55078125 0.8701171875 0.0908203125 0.119140625
2 0.3203125 0.888671875 0.3505859375 0.22265625
1 0.94482421875 0.958984375 0.1103515625 0.08203125