0 0.26318359375 0.1787109375 0.5205078125 0.3564453125
2 0.64599609375 0.212890625 0.2119140625 0.42578125
1 0.89697265625 0.43798828125 0.2060546875 0.1796875
1 0.6376953125 0.513671875 0.1533203125 0.1494140625
2 0.26513671875 0.5146484375 0.5244140625 0.2978515625
1 0.60009765625 0.62841796875 0.056640625 0.0546875
1 0.873046875 0.71630859375 0.095703125 0.2353515625
1 0.75927734375 0.7392578125 0.056640625 0.060546875
1 0.44189453125 0.83740234375 0.4794921875 0.3251953125
2 0.0849609375 0.837890625 0.1640625 0.32421875
1 0.828125 0.9375 0.1455078125 0.125