1 0.71826171875 0.1025390625 0.0576171875 0.0537109375
1 0.9287109375 0.11474609375 0.142578125 0.2294921875
0 0.52685546875 0.130859375 0.265625 0.232421875
0 0.0400390625 0.13330078125 0.078125 0.2666015625
2 0.31396484375 0.1796875 0.140625 0.181640625
1 0.19580078125 0.18310546875 0.0537109375 0.0537109375
1 0.76953125 0.2685546875 0.04296875 0.0390625
0 0.20556640625 0.03076171875 0.2197265625 0.0615234375
1 0.84912109375 0.33935546875 0.0947265625 0.107421875
1 0.9404296875 0.361328125 0.05859375 0.078125
0 0.20751953125 0.37353515625 0.3134765625 0.1904296875
0 0.4755859375 0.39208984375 0.158203125 0.1689453125
1 0.701171875 0.435546875 0.1181640625 0.1005859375
1 0.32177734375 0.5224609375 0.0556640625 0.0537109375
1 0.54150390625 0.55322265625 0.080078125 0.0859375
2 0.14453125 0.556640625 0.2890625 0.1513671875
1 0.9208984375 0.5810546875 0.0966796875 0.078125
1 0.626953125 0.59326171875 0.05078125 0.0390625
1 0.5048828125 0.66845703125 0.0400390625 0.0537109375
1 0.6962890625 0.69482421875 0.072265625 0.037109375
2 0.38818359375 0.70263671875 0.173828125 0.1630859375
0 0.17041015625 0.71435546875 0.216796875 0.14453125
1 0.95166015625 0.7705078125 0.0751953125 0.06640625
1 0.7060546875 0.80322265625 0.0673828125 0.078125
1 0.8134765625 0.84228515625 0.0576171875 0.048828125
1 0.41552734375 0.880859375 0.1025390625 0.0966796875
2 0.17626953125 0.89794921875 0.3525390625 0.2041015625
1 0.7158203125 0.90478515625 0.0478515625 0.056640625
1 0.90869140625 0.9384765625 0.0654296875 0.0849609375
1 0.5615234375 0.97265625 0.0537109375 0.0546875