1 0.7001953125 0.1396484375 0.384765625 0.279296875
2 0.4189453125 0.15380859375 0.1259765625 0.3076171875
1 0.173828125 0.15673828125 0.345703125 0.3134765625
1 0.92724609375 0.3583984375 0.1455078125 0.1357421875
1 0.61376953125 0.39013671875 0.0703125 0.078125
2 0.21728515625 0.44287109375 0.4287109375 0.244140625
1 0.66357421875 0.484375 0.0615234375 0.0712890625
1 0.8154296875 0.52294921875 0.0849609375 0.138671875
1 0.49609375 0.59375 0.095703125 0.126953125
1 0.96728515625 0.60400390625 0.0654296875 0.328125
1 0.67822265625 0.66650390625 0.14453125 0.2724609375
1 0.1904296875 0.79931640625 0.375 0.4013671875
2 0.48779296875 0.853515625 0.1845703125 0.29296875
1 0.7509765625 0.9228515625 0.13671875 0.1513671875