1 0.66259765625 0.97998046875 0.0537109375 0.0400390625
0 0.5146484375 0.1103515625 0.25 0.2041015625
1 0.19677734375 0.1787109375 0.0595703125 0.0556640625
2 0.3095703125 0.19970703125 0.14453125 0.2421875
1 0.77392578125 0.26611328125 0.0439453125 0.037109375
1 0.85009765625 0.33837890625 0.0966796875 0.1015625
1 0.94384765625 0.36376953125 0.0537109375 0.06640625
0 0.4736328125 0.38623046875 0.1630859375 0.1669921875
0 0.27978515625 0.3984375 0.1689453125 0.13671875
1 0.8681640625 0.42626953125 0.04296875 0.0390625
1 0.7041015625 0.4365234375 0.12109375 0.1025390625
1 0.8212890625 0.50927734375 0.03515625 0.0439453125
1 0.3203125 0.521484375 0.056640625 0.0625
2 0.09375 0.521484375 0.181640625 0.2685546875
1 0.65478515625 0.5478515625 0.0341796875 0.0322265625
1 0.54443359375 0.55126953125 0.0869140625 0.0869140625
1 0.93310546875 0.572265625 0.0791015625 0.0634765625
1 0.62548828125 0.591796875 0.0537109375 0.0419921875
1 0.794921875 0.62158203125 0.044921875 0.0390625
2 0.302734375 0.65576171875 0.205078125 0.1826171875
1 0.89111328125 0.66943359375 0.115234375 0.107421875
1 0.5048828125 0.669921875 0.05078125 0.0576171875
1 0.69677734375 0.6943359375 0.0751953125 0.0400390625
1 0.54736328125 0.75146484375 0.0380859375 0.029296875
1 0.76123046875 0.76611328125 0.0400390625 0.03125
1 0.95166015625 0.77099609375 0.0791015625 0.0634765625
1 0.81787109375 0.84326171875 0.0615234375 0.0556640625
1 0.4169921875 0.88330078125 0.103515625 0.1005859375
2 0.17431640625 0.896484375 0.345703125 0.2080078125
1 0.71044921875 0.90771484375 0.0673828125 0.056640625
1 0.90869140625 0.93798828125 0.0673828125 0.0927734375
1 0.71923828125 0.09716796875 0.0556640625 0.064453125
1 0.56201171875 0.97216796875 0.0654296875 0.0556640625