1 0.74365234375 0.1337890625 0.0869140625 0.0673828125
0 0.46728515625 0.1474609375 0.2578125 0.2080078125
1 0.12109375 0.20458984375 0.076171875 0.072265625
1 0.8388671875 0.3095703125 0.05859375 0.0595703125
0 0.1162109375 0.0390625 0.232421875 0.078125
1 0.93994140625 0.396484375 0.1201171875 0.1396484375
1 0.77099609375 0.04248046875 0.201171875 0.0849609375
0 0.15576171875 0.44775390625 0.3095703125 0.2421875
0 0.455078125 0.4599609375 0.232421875 0.2275390625
1 0.7646484375 0.513671875 0.1884765625 0.1669921875
1 0.95361328125 0.6201171875 0.0576171875 0.0517578125
1 0.2255859375 0.64892578125 0.0986328125 0.09765625
1 0.81005859375 0.67138671875 0.0478515625 0.064453125
1 0.72216796875 0.68505859375 0.0517578125 0.052734375
1 0.564453125 0.6962890625 0.1328125 0.1298828125
2 0.2412109375 0.74462890625 0.1259765625 0.080078125
0 0.40234375 0.74658203125 0.166015625 0.0859375
1 0.69287109375 0.7578125 0.072265625 0.0693359375
2 0.08447265625 0.7919921875 0.1650390625 0.416015625
1 0.95458984375 0.8056640625 0.080078125 0.0830078125
2 0.31103515625 0.8974609375 0.26171875 0.205078125
1 0.501953125 0.90185546875 0.0888671875 0.119140625
1 0.81884765625 0.9443359375 0.1240234375 0.103515625