2 0.57568359375 0.1748046875 0.8466796875 0.06640625
1 0.0771484375 0.181640625 0.1015625 0.0751953125
2 0.12353515625 0.27294921875 0.236328125 0.0771484375
2 0.90625 0.431640625 0.1806640625 0.41015625
0 0.53125 0.46484375 0.54296875 0.474609375
0 0.111328125 0.48974609375 0.216796875 0.3310546875
0 0.7822265625 0.05029296875 0.15625 0.0966796875
2 0.93994140625 0.0537109375 0.1201171875 0.1025390625
0 0.52880859375 0.05419921875 0.3291015625 0.1083984375
1 0.27734375 0.06005859375 0.0478515625 0.0517578125
0 0.1240234375 0.0634765625 0.248046875 0.126953125
1 0.97021484375 0.74267578125 0.0595703125 0.1123046875
2 0.82958984375 0.802734375 0.17578125 0.173828125
2 0.365234375 0.85986328125 0.7060546875 0.2802734375
1 0.87451171875 0.95556640625 0.2509765625 0.0888671875