1 0.75732421875 0.15869140625 0.052734375 0.048828125
0 0.525390625 0.19775390625 0.3115234375 0.234375
2 0.27392578125 0.2333984375 0.1708984375 0.212890625
1 0.14111328125 0.23583984375 0.060546875 0.0615234375
2 0.84716796875 0.2431640625 0.3056640625 0.095703125
1 0.84912109375 0.326171875 0.0556640625 0.0517578125
1 0.953125 0.40771484375 0.09375 0.1416015625
0 0.16015625 0.462890625 0.3203125 0.22265625
0 0.1201171875 0.0478515625 0.240234375 0.095703125
0 0.46923828125 0.4736328125 0.224609375 0.224609375
1 0.78662109375 0.53466796875 0.1748046875 0.13671875
1 0.23974609375 0.6591796875 0.0830078125 0.0830078125
1 0.57568359375 0.71923828125 0.1142578125 0.1298828125
2 0.091796875 0.79296875 0.18359375 0.4140625
1 0.97509765625 0.82275390625 0.0498046875 0.068359375
2 0.3291015625 0.90673828125 0.2607421875 0.1875
1 0.51220703125 0.9130859375 0.080078125 0.1025390625
1 0.83544921875 0.97265625 0.12109375 0.0556640625