0 0.30859375 0.2529296875 0.615234375 0.505859375
2 0.8134765625 0.255859375 0.37109375 0.2685546875
1 0.95751953125 0.4765625 0.0849609375 0.1513671875
1 0.76171875 0.56591796875 0.083984375 0.138671875
2 0.46923828125 0.6044921875 0.2958984375 0.1806640625
1 0.6787109375 0.66845703125 0.0556640625 0.0556640625
1 0.96240234375 0.697265625 0.0634765625 0.0576171875
2 0.15625 0.755859375 0.306640625 0.48828125
1 0.849609375 0.80859375 0.064453125 0.0654296875
1 0.537109375 0.8505859375 0.435546875 0.298828125
1 0.92529296875 0.91650390625 0.0751953125 0.07421875