1 0.56201171875 0.98095703125 0.0634765625 0.0380859375
0 0.52294921875 0.12353515625 0.2822265625 0.2470703125
1 0.1884765625 0.16845703125 0.048828125 0.0634765625
1 0.841796875 0.3115234375 0.1484375 0.1494140625
1 0.96240234375 0.35400390625 0.0673828125 0.068359375
0 0.197265625 0.36767578125 0.3193359375 0.193359375
0 0.47412109375 0.384765625 0.1611328125 0.173828125
1 0.71240234375 0.44677734375 0.12890625 0.0830078125
1 0.31689453125 0.52392578125 0.05078125 0.06640625
0 0.9130859375 0.0625 0.173828125 0.125
0 0.15185546875 0.73486328125 0.21484375 0.1416015625
1 0.72314453125 0.0869140625 0.0478515625 0.056640625
1 0.41064453125 0.89501953125 0.1025390625 0.1005859375