0 0.2236328125 0.15283203125 0.447265625 0.3056640625
1 0.96728515625 0.2158203125 0.0654296875 0.2197265625
2 0.58837890625 0.2177734375 0.2177734375 0.435546875
1 0.82177734375 0.27392578125 0.0751953125 0.0703125
1 0.8984375 0.03955078125 0.072265625 0.0791015625
1 0.81884765625 0.43212890625 0.2255859375 0.1845703125
2 0.23681640625 0.48828125 0.4677734375 0.3505859375
1 0.5595703125 0.50634765625 0.15625 0.1298828125
1 0.52099609375 0.615234375 0.0517578125 0.0615234375
1 0.873046875 0.68603515625 0.080078125 0.0986328125
1 0.76416015625 0.68798828125 0.0888671875 0.2109375
1 0.6650390625 0.71484375 0.05859375 0.0537109375
1 0.36181640625 0.83740234375 0.4951171875 0.3251953125
1 0.72607421875 0.9150390625 0.1650390625 0.169921875