0 0.4970703125 0.3056640625 0.322265625 0.328125
0 0.14453125 0.32568359375 0.2890625 0.259765625
1 0.91357421875 0.4453125 0.1728515625 0.111328125
2 0.07421875 0.5400390625 0.142578125 0.1494140625
1 0.20166015625 0.55517578125 0.0966796875 0.107421875
1 0.8486328125 0.56201171875 0.0634765625 0.068359375
1 0.6396484375 0.6279296875 0.16796875 0.1708984375
1 0.86376953125 0.634765625 0.060546875 0.060546875
2 0.66650390625 0.06689453125 0.6669921875 0.125
1 0.8076171875 0.72119140625 0.1005859375 0.0908203125
1 0.87255859375 0.7958984375 0.0556640625 0.0419921875
2 0.1728515625 0.8125 0.345703125 0.375
1 0.9267578125 0.83935546875 0.0419921875 0.0322265625
1 0.5517578125 0.86279296875 0.103515625 0.12890625
2 0.4228515625 0.873046875 0.13671875 0.25390625
2 0.1630859375 0.09130859375 0.3203125 0.181640625
1 0.9384765625 0.95361328125 0.123046875 0.0927734375
1 0.8203125 0.97119140625 0.0537109375 0.0576171875