1 0.66357421875 0.97802734375 0.0419921875 0.0439453125
1 0.7177734375 0.09912109375 0.05859375 0.060546875
0 0.51220703125 0.11181640625 0.251953125 0.20703125
1 0.197265625 0.17529296875 0.060546875 0.060546875
2 0.3076171875 0.1845703125 0.140625 0.2509765625
1 0.77001953125 0.26513671875 0.0419921875 0.037109375
1 0.8515625 0.34033203125 0.1025390625 0.109375
1 0.94580078125 0.36328125 0.0615234375 0.0654296875
0 0.47119140625 0.38916015625 0.162109375 0.1826171875
0 0.287109375 0.39453125 0.146484375 0.1474609375
1 0.86865234375 0.42724609375 0.0478515625 0.044921875
1 0.70068359375 0.43701171875 0.1181640625 0.099609375
1 0.97119140625 0.048828125 0.0458984375 0.044921875
1 0.822265625 0.505859375 0.033203125 0.0302734375
2 0.1025390625 0.5107421875 0.1953125 0.2705078125
1 0.31982421875 0.51806640625 0.0576171875 0.0595703125
1 0.544921875 0.5517578125 0.0859375 0.0830078125
1 0.9365234375 0.5732421875 0.0849609375 0.0673828125
1 0.6279296875 0.59375 0.046875 0.0458984375
1 0.79736328125 0.62255859375 0.0419921875 0.044921875
2 0.306640625 0.658203125 0.185546875 0.1943359375
1 0.50732421875 0.6669921875 0.0517578125 0.0556640625
1 0.89892578125 0.669921875 0.1123046875 0.1083984375
1 0.69580078125 0.6943359375 0.0732421875 0.0439453125
1 0.63330078125 0.73291015625 0.0302734375 0.0703125
1 0.54345703125 0.74951171875 0.0341796875 0.037109375
1 0.759765625 0.763671875 0.037109375 0.0302734375
1 0.95751953125 0.7685546875 0.0849609375 0.0615234375
1 0.818359375 0.8447265625 0.060546875 0.052734375
1 0.41650390625 0.8828125 0.0927734375 0.1015625
2 0.16650390625 0.8916015625 0.3271484375 0.216796875
1 0.71728515625 0.9013671875 0.056640625 0.0458984375
1 0.91162109375 0.9375 0.076171875 0.08203125
1 0.56494140625 0.97265625 0.0556640625 0.048828125