1 0.66455078125 0.97998046875 0.044921875 0.03515625
1 0.71728515625 0.10107421875 0.0654296875 0.0615234375
0 0.51513671875 0.11572265625 0.265625 0.201171875
1 0.20361328125 0.1767578125 0.046875 0.0498046875
0 0.03271484375 0.25732421875 0.0654296875 0.0390625
1 0.77197265625 0.267578125 0.05078125 0.0498046875
0 0.65673828125 0.322265625 0.1552734375 0.0576171875
1 0.8515625 0.3271484375 0.08984375 0.095703125
0 0.13427734375 0.3369140625 0.193359375 0.0966796875
1 0.9443359375 0.35205078125 0.0634765625 0.0546875
0 0.09375 0.03759765625 0.1875 0.0751953125
0 0.4716796875 0.38916015625 0.16796875 0.171875
0 0.30615234375 0.40234375 0.1181640625 0.1298828125
0 0.2646484375 0.041015625 0.1240234375 0.0771484375
1 0.8671875 0.427734375 0.0419921875 0.0478515625
1 0.69677734375 0.4345703125 0.1123046875 0.1025390625
1 0.82177734375 0.50732421875 0.03515625 0.033203125
2 0.11376953125 0.51318359375 0.2265625 0.2158203125
1 0.32373046875 0.51806640625 0.0615234375 0.0673828125
1 0.70849609375 0.5400390625 0.029296875 0.0322265625
1 0.6533203125 0.54931640625 0.0390625 0.0341796875
1 0.5419921875 0.55029296875 0.08984375 0.0859375
0 0.4375 0.5576171875 0.0947265625 0.103515625
1 0.92578125 0.57177734375 0.0849609375 0.0517578125
1 0.62646484375 0.59130859375 0.044921875 0.041015625
1 0.794921875 0.6201171875 0.0439453125 0.0380859375
1 0.88623046875 0.662109375 0.11328125 0.115234375
1 0.50439453125 0.6630859375 0.044921875 0.0576171875
1 0.69677734375 0.693359375 0.068359375 0.037109375
2 0.34033203125 0.6982421875 0.1044921875 0.1416015625
0 0.166015625 0.70556640625 0.197265625 0.142578125
1 0.626953125 0.70751953125 0.0224609375 0.025390625
1 0.54345703125 0.748046875 0.029296875 0.0263671875
1 0.76123046875 0.76220703125 0.0400390625 0.0283203125
1 0.9580078125 0.76611328125 0.083984375 0.0634765625
0 0.64892578125 0.78857421875 0.154296875 0.1005859375
0 0.51123046875 0.8388671875 0.078125 0.0810546875
1 0.8193359375 0.84033203125 0.056640625 0.048828125
1 0.39208984375 0.8564453125 0.046875 0.05078125
1 0.58447265625 0.875 0.0439453125 0.0478515625
2 0.17724609375 0.8974609375 0.3544921875 0.205078125
1 0.716796875 0.89892578125 0.046875 0.048828125
1 0.4453125 0.89990234375 0.0419921875 0.0439453125
1 0.904296875 0.9306640625 0.056640625 0.0859375
1 0.564453125 0.96875 0.0712890625 0.0576171875