1 0.93994140625 0.099609375 0.0341796875 0.046875
0 0.1787109375 0.12744140625 0.3515625 0.25390625
1 0.93701171875 0.1953125 0.033203125 0.0419921875
2 0.48388671875 0.22216796875 0.2041015625 0.439453125
1 0.81005859375 0.23681640625 0.1064453125 0.150390625
1 0.92041015625 0.3056640625 0.103515625 0.1337890625
1 0.85009765625 0.412109375 0.0419921875 0.0654296875
1 0.68994140625 0.43603515625 0.1865234375 0.1767578125
2 0.18505859375 0.466796875 0.3701171875 0.4091796875
1 0.96728515625 0.49267578125 0.0654296875 0.12890625
1 0.45849609375 0.50732421875 0.1533203125 0.115234375
1 0.8330078125 0.55517578125 0.046875 0.06640625
1 0.42236328125 0.61962890625 0.0615234375 0.0595703125
1 0.91748046875 0.6533203125 0.0947265625 0.1103515625
1 0.73974609375 0.65771484375 0.0517578125 0.080078125
1 0.65380859375 0.6689453125 0.0869140625 0.1728515625
1 0.56201171875 0.705078125 0.0517578125 0.0537109375
1 0.77392578125 0.08056640625 0.068359375 0.08203125
1 0.884765625 0.8076171875 0.130859375 0.1767578125
1 0.25634765625 0.841796875 0.5068359375 0.31640625
1 0.88671875 0.00927734375 0.033203125 0.0185546875
1 0.65087890625 0.9091796875 0.2021484375 0.181640625
1 0.96240234375 0.9404296875 0.0751953125 0.0712890625