2 0.853515625 0.205078125 0.29296875 0.2421875
0 0.48486328125 0.23828125 0.419921875 0.435546875
0 0.09912109375 0.2724609375 0.1982421875 0.3056640625
1 0.97607421875 0.39453125 0.0478515625 0.11328125
2 0.13232421875 0.0546875 0.2646484375 0.109375
1 0.087890625 0.564453125 0.1162109375 0.1201171875
1 0.6650390625 0.66455078125 0.2314453125 0.228515625
1 0.3994140625 0.77001953125 0.265625 0.1474609375
1 0.90673828125 0.7900390625 0.15234375 0.12890625
2 0.12890625 0.82177734375 0.2578125 0.3564453125
2 0.38037109375 0.92626953125 0.2275390625 0.1474609375
1 0.5537109375 0.951171875 0.1005859375 0.09765625