1 0.66455078125 0.9794921875 0.037109375 0.041015625
1 0.7158203125 0.10107421875 0.0615234375 0.05859375
0 0.513671875 0.12060546875 0.255859375 0.2197265625
1 0.19970703125 0.17626953125 0.0537109375 0.056640625
0 0.0458984375 0.21630859375 0.08984375 0.109375
1 0.77099609375 0.26806640625 0.04296875 0.052734375
0 0.10986328125 0.32421875 0.2197265625 0.0830078125
1 0.84814453125 0.33740234375 0.1005859375 0.109375
1 0.94482421875 0.3583984375 0.05859375 0.0693359375
0 0.4765625 0.38720703125 0.166015625 0.166015625
0 0.30859375 0.40625 0.111328125 0.1220703125
0 0.15185546875 0.041015625 0.3037109375 0.08203125
1 0.8623046875 0.4208984375 0.0380859375 0.041015625
1 0.703125 0.43310546875 0.119140625 0.10546875
0 0.935546875 0.49658203125 0.12890625 0.0751953125
1 0.81494140625 0.50341796875 0.037109375 0.0302734375
2 0.10302734375 0.50927734375 0.197265625 0.1748046875
1 0.32470703125 0.52197265625 0.0615234375 0.068359375
1 0.65380859375 0.54443359375 0.0322265625 0.03125
1 0.5439453125 0.55126953125 0.0849609375 0.0830078125
1 0.9248046875 0.56884765625 0.0927734375 0.0478515625
1 0.6259765625 0.5888671875 0.0458984375 0.041015625
1 0.79248046875 0.6201171875 0.05078125 0.048828125
1 0.65576171875 0.6259765625 0.03125 0.021484375
1 0.87939453125 0.66162109375 0.119140625 0.1171875
1 0.50390625 0.6640625 0.037109375 0.05078125
0 0.16845703125 0.69384765625 0.2099609375 0.1650390625
1 0.6962890625 0.6943359375 0.0673828125 0.044921875
1 0.5458984375 0.74462890625 0.0263671875 0.0244140625
1 0.763671875 0.763671875 0.0283203125 0.0234375
1 0.9580078125 0.767578125 0.083984375 0.05859375
1 0.8203125 0.8408203125 0.0576171875 0.060546875
0 0.57470703125 0.84423828125 0.169921875 0.1142578125
1 0.39501953125 0.8515625 0.0498046875 0.0498046875
1 0.4443359375 0.90087890625 0.0390625 0.0458984375
2 0.1533203125 0.9013671875 0.30078125 0.197265625
1 0.7109375 0.90185546875 0.0537109375 0.048828125
1 0.90673828125 0.93310546875 0.064453125 0.0849609375
1 0.56298828125 0.9677734375 0.0576171875 0.064453125