1 0.884765625 0.15478515625 0.0732421875 0.06640625
1 0.9638671875 0.25390625 0.072265625 0.1416015625
1 0.0517578125 0.02734375 0.103515625 0.0546875
0 0.154296875 0.3154296875 0.3056640625 0.2431640625
0 0.4580078125 0.33203125 0.2421875 0.2490234375
1 0.7802734375 0.40087890625 0.19140625 0.1708984375
2 0.892578125 0.05029296875 0.189453125 0.099609375
1 0.93994140625 0.50439453125 0.0693359375 0.08203125
1 0.23681640625 0.5126953125 0.08203125 0.0947265625
1 0.55615234375 0.5595703125 0.1337890625 0.1220703125
1 0.81298828125 0.56396484375 0.103515625 0.1005859375
2 0.09375 0.60986328125 0.18359375 0.33203125
1 0.67333984375 0.6171875 0.068359375 0.060546875
1 0.93310546875 0.67578125 0.1337890625 0.1025390625
1 0.5029296875 0.71337890625 0.0712890625 0.0869140625
1 0.76220703125 0.75390625 0.1123046875 0.0810546875
0 0.57421875 0.07666015625 0.388671875 0.1533203125
2 0.33056640625 0.76171875 0.228515625 0.2587890625
1 0.5546875 0.83154296875 0.048828125 0.041015625
0 0.09521484375 0.837890625 0.1904296875 0.1005859375
1 0.8583984375 0.8505859375 0.05859375 0.0400390625
0 0.56787109375 0.94287109375 0.1865234375 0.1142578125
1 0.92138671875 0.9453125 0.083984375 0.0859375
2 0.10546875 0.95166015625 0.2080078125 0.0966796875
2 0.2314453125 0.09619140625 0.21484375 0.18359375
1 0.3466796875 0.9716796875 0.0869140625 0.0556640625