1 0.6640625 0.978515625 0.044921875 0.04296875
1 0.71728515625 0.10107421875 0.0537109375 0.056640625
0 0.49267578125 0.11083984375 0.2099609375 0.2021484375
1 0.19921875 0.17724609375 0.060546875 0.060546875
1 0.7724609375 0.26904296875 0.046875 0.0419921875
1 0.849609375 0.33251953125 0.0888671875 0.08984375
1 0.9443359375 0.3603515625 0.05859375 0.068359375
0 0.47607421875 0.38916015625 0.1611328125 0.16796875
0 0.291015625 0.3994140625 0.150390625 0.1337890625
1 0.8642578125 0.4228515625 0.046875 0.0400390625
1 0.7041015625 0.43701171875 0.12109375 0.099609375
1 0.8203125 0.5068359375 0.041015625 0.0322265625
1 0.9697265625 0.0517578125 0.046875 0.0400390625
2 0.1044921875 0.51318359375 0.203125 0.275390625
1 0.3203125 0.51953125 0.052734375 0.0537109375
1 0.54443359375 0.5517578125 0.0869140625 0.0791015625
1 0.9287109375 0.57421875 0.08984375 0.0654296875
1 0.626953125 0.58935546875 0.052734375 0.0419921875
1 0.79296875 0.62109375 0.048828125 0.0380859375
1 0.892578125 0.66259765625 0.107421875 0.0986328125
1 0.5068359375 0.66357421875 0.046875 0.052734375
2 0.33984375 0.6748046875 0.248046875 0.1494140625
1 0.6953125 0.69287109375 0.072265625 0.041015625
1 0.5458984375 0.7490234375 0.03125 0.0283203125
1 0.634765625 0.751953125 0.037109375 0.0263671875
1 0.76123046875 0.76513671875 0.0380859375 0.03125
1 0.95263671875 0.76708984375 0.0712890625 0.068359375
1 0.8173828125 0.841796875 0.0537109375 0.046875
1 0.3935546875 0.853515625 0.05078125 0.05078125
2 0.18212890625 0.888671875 0.3544921875 0.22265625
1 0.71044921875 0.904296875 0.0556640625 0.0498046875
1 0.4443359375 0.90478515625 0.0390625 0.0390625
1 0.90625 0.9345703125 0.064453125 0.0791015625
1 0.56005859375 0.97021484375 0.0615234375 0.048828125