0 0.5146484375 0.12939453125 0.3388671875 0.2587890625
1 0.1201171875 0.1748046875 0.068359375 0.0712890625
1 0.861328125 0.27978515625 0.060546875 0.06640625
1 0.9580078125 0.3662109375 0.083984375 0.13671875
0 0.1591796875 0.4150390625 0.318359375 0.244140625
0 0.4658203125 0.4384765625 0.2265625 0.2275390625
1 0.79150390625 0.49560546875 0.1748046875 0.15625
1 0.97216796875 0.60791015625 0.0478515625 0.0732421875
1 0.23486328125 0.62158203125 0.087890625 0.095703125
1 0.5693359375 0.66650390625 0.126953125 0.146484375
1 0.7001953125 0.732421875 0.0751953125 0.068359375
1 0.96240234375 0.7802734375 0.072265625 0.0810546875
1 0.5107421875 0.85693359375 0.0732421875 0.0927734375
2 0.2197265625 0.88720703125 0.439453125 0.2265625
1 0.822265625 0.908203125 0.1142578125 0.078125
1 0.7685546875 0.0966796875 0.0751953125 0.06640625