1 0.56494140625 0.9765625 0.0654296875 0.046875
1 0.66162109375 0.9833984375 0.0517578125 0.033203125
0 0.49609375 0.109375 0.220703125 0.2177734375
2 0.3056640625 0.162109375 0.13671875 0.2998046875
1 0.193359375 0.17431640625 0.060546875 0.0625
1 0.775390625 0.26513671875 0.041015625 0.041015625
1 0.96826171875 0.0322265625 0.0634765625 0.0634765625
1 0.857421875 0.3349609375 0.095703125 0.1103515625
1 0.95263671875 0.3603515625 0.0556640625 0.0712890625
0 0.4716796875 0.38818359375 0.17578125 0.1787109375
0 0.28369140625 0.3984375 0.1513671875 0.1552734375
1 0.873046875 0.4228515625 0.044921875 0.0400390625
1 0.70263671875 0.43115234375 0.1298828125 0.1083984375
1 0.82177734375 0.5078125 0.0439453125 0.0419921875
2 0.09521484375 0.5146484375 0.1904296875 0.2822265625
1 0.31787109375 0.521484375 0.0673828125 0.0654296875
1 0.541015625 0.55615234375 0.099609375 0.095703125
1 0.935546875 0.57666015625 0.099609375 0.0673828125
1 0.6396484375 0.60498046875 0.07421875 0.076171875
1 0.79931640625 0.625 0.0498046875 0.0458984375
2 0.30078125 0.66015625 0.169921875 0.1943359375
1 0.9111328125 0.66943359375 0.14453125 0.103515625
1 0.50634765625 0.669921875 0.0537109375 0.0615234375
1 0.69775390625 0.697265625 0.0771484375 0.0419921875
1 0.54443359375 0.751953125 0.0361328125 0.0263671875
1 0.64013671875 0.75732421875 0.0400390625 0.0341796875
1 0.7666015625 0.76806640625 0.04296875 0.03125
1 0.95849609375 0.77392578125 0.0830078125 0.0703125
1 0.82275390625 0.8505859375 0.0654296875 0.056640625
1 0.41748046875 0.8876953125 0.1064453125 0.0986328125
2 0.1806640625 0.8876953125 0.34765625 0.224609375
1 0.71630859375 0.91162109375 0.0595703125 0.056640625
1 0.7197265625 0.0927734375 0.0703125 0.0673828125
1 0.9130859375 0.943359375 0.08203125 0.0927734375