1 0.939453125 0.189453125 0.0654296875 0.06640625
0 0.1640625 0.361328125 0.3271484375 0.25390625
0 0.4912109375 0.3759765625 0.244140625 0.2392578125
1 0.84033203125 0.44091796875 0.2333984375 0.181640625
1 0.25927734375 0.56884765625 0.0830078125 0.0927734375
1 0.5927734375 0.619140625 0.12890625 0.125
2 0.177734375 0.7412109375 0.333984375 0.2177734375
1 0.529296875 0.794921875 0.080078125 0.0908203125
1 0.84423828125 0.85693359375 0.119140625 0.078125
1 0.1103515625 0.0927734375 0.0732421875 0.078125
0 0.56689453125 0.0927734375 0.384765625 0.185546875
1 0.955078125 0.97265625 0.0673828125 0.0556640625