2 0.4189453125 0.15380859375 0.1259765625 0.3076171875
1 0.70068359375 0.1552734375 0.30859375 0.26953125
1 0.173828125 0.15673828125 0.345703125 0.3134765625
1 0.65576171875 0.40576171875 0.0703125 0.078125
2 0.234375 0.44287109375 0.462890625 0.244140625
1 0.70703125 0.5 0.0615234375 0.0712890625
1 0.8623046875 0.5302734375 0.0732421875 0.14453125
1 0.53515625 0.6171875 0.095703125 0.126953125
1 0.7255859375 0.68408203125 0.177734375 0.26171875
1 0.1904296875 0.79931640625 0.375 0.4013671875
2 0.50830078125 0.853515625 0.2255859375 0.29296875
1 0.90380859375 0.0869140625 0.083984375 0.173828125
1 0.78369140625 0.93994140625 0.13671875 0.1201171875