0 0.49658203125 0.30322265625 0.3271484375 0.33984375
0 0.1396484375 0.31982421875 0.27734375 0.275390625
1 0.92041015625 0.44189453125 0.1591796875 0.125
1 0.1923828125 0.56103515625 0.09375 0.10546875
1 0.77978515625 0.5947265625 0.0419921875 0.037109375
2 0.66748046875 0.06005859375 0.6650390625 0.119140625
1 0.87158203125 0.6357421875 0.0771484375 0.0673828125
1 0.6357421875 0.63623046875 0.1640625 0.173828125
1 0.81640625 0.72412109375 0.095703125 0.087890625
1 0.876953125 0.8046875 0.056640625 0.0458984375
2 0.16650390625 0.8125 0.3271484375 0.375
1 0.935546875 0.845703125 0.0419921875 0.0439453125
2 0.16015625 0.0859375 0.314453125 0.171875
1 0.55126953125 0.86669921875 0.0927734375 0.115234375
2 0.41845703125 0.869140625 0.1513671875 0.26171875
1 0.94775390625 0.958984375 0.1044921875 0.08203125
1 0.81982421875 0.9755859375 0.0556640625 0.048828125