2 0.16796875 0.13623046875 0.322265625 0.125
1 0.16455078125 0.02587890625 0.0791015625 0.0517578125
0 0.67431640625 0.26953125 0.6513671875 0.5390625
1 0.1513671875 0.35546875 0.302734375 0.2734375
1 0.13623046875 0.6484375 0.158203125 0.2080078125
2 0.86474609375 0.67724609375 0.2705078125 0.244140625
1 0.29248046875 0.78369140625 0.0830078125 0.0966796875
2 0.53076171875 0.78857421875 0.353515625 0.419921875
2 0.0849609375 0.8896484375 0.1455078125 0.220703125
1 0.86572265625 0.9130859375 0.2685546875 0.173828125
0 0.24267578125 0.9501953125 0.1142578125 0.099609375