1 0.66259765625 0.9794921875 0.0576171875 0.041015625
1 0.71630859375 0.1025390625 0.0615234375 0.056640625
0 0.48681640625 0.11083984375 0.2177734375 0.2021484375
1 0.19775390625 0.18017578125 0.05859375 0.0546875
1 0.77490234375 0.27001953125 0.046875 0.052734375
1 0.8486328125 0.33837890625 0.0908203125 0.115234375
1 0.9423828125 0.361328125 0.0595703125 0.0732421875
0 0.47412109375 0.38818359375 0.1650390625 0.17578125
0 0.2744140625 0.40087890625 0.1865234375 0.1376953125
1 0.70068359375 0.43017578125 0.1181640625 0.1015625
1 0.96630859375 0.0498046875 0.0439453125 0.0439453125
2 0.0869140625 0.4951171875 0.173828125 0.2705078125
1 0.3212890625 0.5205078125 0.0576171875 0.060546875
1 0.54638671875 0.55126953125 0.0859375 0.0830078125
1 0.9228515625 0.57763671875 0.08984375 0.0556640625
1 0.62353515625 0.59130859375 0.0498046875 0.041015625
1 0.791015625 0.62353515625 0.052734375 0.04296875
1 0.8857421875 0.66357421875 0.1103515625 0.1025390625
1 0.50732421875 0.66748046875 0.0517578125 0.0576171875
2 0.32275390625 0.67431640625 0.2646484375 0.140625
1 0.69287109375 0.69482421875 0.0751953125 0.041015625
1 0.5478515625 0.7490234375 0.0361328125 0.0341796875
1 0.6318359375 0.75048828125 0.04296875 0.0322265625
1 0.75537109375 0.76416015625 0.0400390625 0.0390625
1 0.9501953125 0.7646484375 0.0693359375 0.060546875
1 0.81689453125 0.8447265625 0.0615234375 0.0595703125
1 0.390625 0.85693359375 0.056640625 0.048828125
2 0.17529296875 0.888671875 0.3505859375 0.2216796875
1 0.71435546875 0.904296875 0.06640625 0.0595703125
1 0.44482421875 0.9052734375 0.0419921875 0.041015625
1 0.90380859375 0.9345703125 0.0810546875 0.07421875
1 0.56396484375 0.9697265625 0.0537109375 0.046875