1 0.72216796875 0.10498046875 0.060546875 0.05859375
0 0.5244140625 0.1259765625 0.2802734375 0.2470703125
2 0.310546875 0.17724609375 0.1171875 0.1494140625
1 0.1982421875 0.1796875 0.0634765625 0.0615234375
0 0.0322265625 0.19775390625 0.064453125 0.107421875
1 0.818359375 0.3017578125 0.1455078125 0.134765625
1 0.95703125 0.34326171875 0.0859375 0.076171875
0 0.19482421875 0.36865234375 0.333984375 0.205078125
0 0.4755859375 0.39208984375 0.158203125 0.173828125
0 0.1591796875 0.04296875 0.318359375 0.0859375
1 0.70361328125 0.43603515625 0.1259765625 0.095703125
1 0.32275390625 0.52490234375 0.05859375 0.0732421875
1 0.54150390625 0.5517578125 0.0849609375 0.0927734375
2 0.13720703125 0.560546875 0.2744140625 0.1640625
1 0.92529296875 0.57373046875 0.0908203125 0.078125
0 0.904296875 0.05859375 0.19140625 0.1171875
0 0.431640625 0.59326171875 0.109375 0.0634765625
1 0.63427734375 0.59326171875 0.0556640625 0.0537109375
1 0.79541015625 0.61669921875 0.041015625 0.0419921875
1 0.9052734375 0.67529296875 0.109375 0.1005859375
1 0.50830078125 0.67626953125 0.0537109375 0.05859375
1 0.7001953125 0.69970703125 0.080078125 0.037109375
0 0.17041015625 0.72900390625 0.2119140625 0.1396484375
2 0.3828125 0.73388671875 0.177734375 0.1494140625
1 0.54736328125 0.755859375 0.048828125 0.0517578125
1 0.642578125 0.75927734375 0.04296875 0.0439453125
1 0.76611328125 0.76904296875 0.0361328125 0.0390625
1 0.95947265625 0.76904296875 0.0810546875 0.0634765625
1 0.8173828125 0.84375 0.05078125 0.0615234375
1 0.41552734375 0.888671875 0.1025390625 0.107421875
1 0.7158203125 0.9072265625 0.052734375 0.06640625
2 0.173828125 0.91015625 0.34765625 0.1796875
1 0.90869140625 0.93701171875 0.0771484375 0.0869140625
1 0.564453125 0.97265625 0.0439453125 0.0556640625