1 0.76220703125 0.1171875 0.0673828125 0.05859375
0 0.53173828125 0.1513671875 0.3193359375 0.2490234375
2 0.04541015625 0.1904296875 0.0908203125 0.2197265625
1 0.134765625 0.19921875 0.0634765625 0.0615234375
2 0.27294921875 0.21630859375 0.1728515625 0.1689453125
2 0.85302734375 0.2197265625 0.2939453125 0.0830078125
1 0.85498046875 0.29931640625 0.052734375 0.0517578125
0 0.14208984375 0.033203125 0.2685546875 0.06640625
1 0.95556640625 0.384765625 0.0888671875 0.1494140625
0 0.16015625 0.43115234375 0.3203125 0.232421875
0 0.46826171875 0.453125 0.2216796875 0.212890625
1 0.7880859375 0.51416015625 0.16796875 0.14453125
1 0.23974609375 0.62744140625 0.078125 0.0830078125
1 0.5693359375 0.6787109375 0.1123046875 0.1171875
1 0.70263671875 0.74365234375 0.0654296875 0.0615234375
2 0.095703125 0.77978515625 0.1904296875 0.44140625
1 0.96435546875 0.80224609375 0.0712890625 0.0810546875
0 0.93017578125 0.0830078125 0.1396484375 0.166015625
1 0.51708984375 0.87060546875 0.0703125 0.1005859375
2 0.33740234375 0.8955078125 0.263671875 0.208984375
1 0.822265625 0.9267578125 0.1240234375 0.0712890625