0 0.52685546875 0.11376953125 0.28515625 0.22265625
1 0.17041015625 0.150390625 0.060546875 0.06640625
2 0.29345703125 0.1650390625 0.1513671875 0.1591796875
0 0.0322265625 0.189453125 0.064453125 0.1103515625
1 0.8525390625 0.29541015625 0.1552734375 0.146484375
1 0.97509765625 0.34912109375 0.0498046875 0.0732421875
0 0.16259765625 0.03564453125 0.3251953125 0.0712890625
0 0.18505859375 0.35888671875 0.3291015625 0.205078125
0 0.47314453125 0.37841796875 0.1728515625 0.1806640625
1 0.71826171875 0.43359375 0.1259765625 0.10546875
1 0.3095703125 0.51904296875 0.0556640625 0.0615234375
1 0.54638671875 0.556640625 0.0849609375 0.0830078125
2 0.134765625 0.56640625 0.26953125 0.185546875
1 0.95556640625 0.58984375 0.0888671875 0.076171875
0 0.43017578125 0.5947265625 0.1171875 0.06640625
0 0.9033203125 0.06005859375 0.193359375 0.1201171875
1 0.63916015625 0.59814453125 0.05078125 0.048828125
1 0.73779296875 0.06494140625 0.052734375 0.056640625
1 0.50732421875 0.68115234375 0.05078125 0.0732421875
1 0.9150390625 0.6884765625 0.12890625 0.09765625
1 0.71337890625 0.71044921875 0.08203125 0.0439453125
2 0.37646484375 0.72900390625 0.185546875 0.1787109375
0 0.1337890625 0.74365234375 0.2265625 0.14453125
1 0.5439453125 0.771484375 0.041015625 0.0390625
1 0.78564453125 0.78759765625 0.0361328125 0.037109375
1 0.97509765625 0.7900390625 0.0498046875 0.0712890625
1 0.84912109375 0.87158203125 0.060546875 0.05859375
1 0.40576171875 0.91455078125 0.1123046875 0.1103515625
2 0.1689453125 0.9150390625 0.337890625 0.169921875
1 0.734375 0.9375 0.0556640625 0.05859375
1 0.94287109375 0.96142578125 0.0673828125 0.0771484375