1 0.6611328125 0.9794921875 0.0517578125 0.041015625
1 0.7119140625 0.10595703125 0.0751953125 0.0703125
0 0.49267578125 0.11328125 0.2265625 0.2177734375
1 0.1962890625 0.17724609375 0.0751953125 0.068359375
0 0.052734375 0.2138671875 0.10546875 0.134765625
1 0.7666015625 0.26904296875 0.0595703125 0.056640625
1 0.8466796875 0.33203125 0.1025390625 0.10546875
1 0.94580078125 0.35546875 0.0576171875 0.0615234375
0 0.47412109375 0.38720703125 0.1728515625 0.17578125
0 0.296875 0.40625 0.146484375 0.14453125
1 0.865234375 0.42431640625 0.0498046875 0.0546875
1 0.70166015625 0.4296875 0.1328125 0.11328125
0 0.16259765625 0.0439453125 0.3251953125 0.087890625
2 0.1015625 0.47119140625 0.1904296875 0.35546875
1 0.97021484375 0.04931640625 0.0595703125 0.0546875
1 0.31884765625 0.5224609375 0.05859375 0.068359375
1 0.54248046875 0.55126953125 0.107421875 0.09765625
1 0.6259765625 0.595703125 0.0654296875 0.04296875
1 0.86962890625 0.63134765625 0.208984375 0.19921875
1 0.4912109375 0.66552734375 0.0791015625 0.076171875
2 0.32666015625 0.67236328125 0.2177734375 0.16015625
1 0.689453125 0.697265625 0.0732421875 0.0537109375
0 0.8623046875 0.072265625 0.1376953125 0.14453125
0 0.1337890625 0.71923828125 0.1435546875 0.115234375
1 0.75732421875 0.76220703125 0.052734375 0.04296875
1 0.95068359375 0.77294921875 0.068359375 0.044921875
1 0.8125 0.83740234375 0.080078125 0.0732421875
1 0.416015625 0.8798828125 0.1044921875 0.1064453125
1 0.70751953125 0.8974609375 0.05859375 0.0595703125
2 0.17041015625 0.90087890625 0.3408203125 0.1982421875
1 0.9052734375 0.935546875 0.06640625 0.1123046875
1 0.560546875 0.9677734375 0.0654296875 0.064453125