1 0.7880859375 0.982421875 0.0458984375 0.0361328125
0 0.888671875 0.208984375 0.22265625 0.1591796875
0 0.1591796875 0.32861328125 0.318359375 0.271484375
0 0.50244140625 0.34326171875 0.265625 0.271484375
1 0.0791015625 0.03564453125 0.0732421875 0.0712890625
1 0.8935546875 0.4189453125 0.212890625 0.173828125
1 0.24609375 0.55419921875 0.0849609375 0.0830078125
2 0.908203125 0.05859375 0.18359375 0.1171875
0 0.578125 0.06005859375 0.4462890625 0.1201171875
1 0.6181640625 0.615234375 0.1357421875 0.13671875
2 0.09716796875 0.673828125 0.1923828125 0.3955078125
0 0.44482421875 0.6826171875 0.1904296875 0.10546875
1 0.7646484375 0.6875 0.08203125 0.0810546875
1 0.544921875 0.81689453125 0.078125 0.1005859375
2 0.35205078125 0.875 0.2880859375 0.2509765625
1 0.89794921875 0.88623046875 0.12890625 0.068359375
2 0.2373046875 0.09033203125 0.21484375 0.1806640625
0 0.0771484375 0.9326171875 0.154296875 0.09765625
1 0.62060546875 0.96337890625 0.048828125 0.056640625