2 0.306640625 0.2177734375 0.265625 0.435546875
1 0.81298828125 0.2578125 0.123046875 0.1513671875
1 0.6865234375 0.40234375 0.072265625 0.1376953125
1 0.5517578125 0.4033203125 0.1494140625 0.349609375
1 0.3759765625 0.50390625 0.1044921875 0.1162109375
2 0.107421875 0.517578125 0.21484375 0.142578125
1 0.8515625 0.53173828125 0.12109375 0.3671875
2 0.32763671875 0.798828125 0.2548828125 0.40234375
0 0.0927734375 0.81591796875 0.185546875 0.3681640625
1 0.787109375 0.0830078125 0.095703125 0.166015625
1 0.5634765625 0.837890625 0.1796875 0.32421875
1 0.712890625 0.87158203125 0.076171875 0.1337890625
1 0.57568359375 0.08837890625 0.244140625 0.1767578125
1 0.849609375 0.89697265625 0.1708984375 0.2060546875