1 0.1044921875 0.1123046875 0.0703125 0.068359375
1 0.80615234375 0.01708984375 0.0771484375 0.0341796875
1 0.9013671875 0.21630859375 0.0576171875 0.0615234375
0 0.16015625 0.380859375 0.3203125 0.2490234375
0 0.4765625 0.3955078125 0.234375 0.234375
1 0.2509765625 0.580078125 0.080078125 0.0908203125
1 0.57666015625 0.62890625 0.13671875 0.125
2 0.17138671875 0.765625 0.3427734375 0.2421875
0 0.50830078125 0.078125 0.2919921875 0.15625
1 0.52294921875 0.8046875 0.0634765625 0.0908203125
1 0.81982421875 0.85693359375 0.1044921875 0.0634765625