0 0.53173828125 0.10888671875 0.349609375 0.2177734375
1 0.10205078125 0.1162109375 0.0703125 0.0673828125
2 0.24853515625 0.12353515625 0.1923828125 0.2373046875
2 0.86181640625 0.1259765625 0.2763671875 0.125
1 0.8681640625 0.22998046875 0.052734375 0.05078125
1 0.78564453125 0.025390625 0.0654296875 0.05078125
1 0.95947265625 0.32080078125 0.0810546875 0.140625
0 0.1552734375 0.37451171875 0.310546875 0.2373046875
0 0.4638671875 0.3935546875 0.2236328125 0.2255859375
1 0.78369140625 0.45849609375 0.1640625 0.1318359375
1 0.24365234375 0.5732421875 0.0771484375 0.0771484375
1 0.56591796875 0.62255859375 0.1220703125 0.1201171875
0 0.4111328125 0.63330078125 0.1748046875 0.1845703125
1 0.68798828125 0.67724609375 0.0625 0.060546875
2 0.09814453125 0.6875 0.1962890625 0.3642578125
1 0.935546875 0.72314453125 0.05859375 0.05078125
1 0.98779296875 0.7685546875 0.0244140625 0.0498046875
1 0.5078125 0.791015625 0.0576171875 0.0810546875
1 0.7919921875 0.837890625 0.0986328125 0.0595703125
2 0.3388671875 0.8701171875 0.255859375 0.2607421875
1 0.56884765625 0.92041015625 0.0380859375 0.0400390625
1 0.70703125 0.9287109375 0.037109375 0.04296875
0 0.0869140625 0.94091796875 0.173828125 0.119140625
1 0.89697265625 0.94921875 0.041015625 0.044921875