1 0.3515625 0.98046875 0.072265625 0.0390625
1 0.8837890625 0.177734375 0.0615234375 0.056640625
1 0.96240234375 0.26416015625 0.0751953125 0.1455078125
0 0.45849609375 0.35302734375 0.2314453125 0.2333984375
0 0.21728515625 0.36669921875 0.171875 0.1904296875
1 0.77783203125 0.408203125 0.1640625 0.138671875
1 0.94873046875 0.517578125 0.05078125 0.044921875
0 0.48388671875 0.052734375 0.2177734375 0.10546875
1 0.24462890625 0.5322265625 0.076171875 0.0751953125
1 0.06787109375 0.0546875 0.080078125 0.068359375
1 0.71826171875 0.57275390625 0.044921875 0.0400390625
1 0.56396484375 0.58203125 0.1142578125 0.1103515625
2 0.09619140625 0.63232421875 0.1923828125 0.3115234375
1 0.6767578125 0.63427734375 0.0595703125 0.048828125
1 0.9150390625 0.677734375 0.0576171875 0.052734375
1 0.720703125 0.68359375 0.025390625 0.03125
1 0.9755859375 0.69580078125 0.048828125 0.08203125
1 0.50634765625 0.73876953125 0.0634765625 0.0712890625
2 0.3369140625 0.78466796875 0.26171875 0.294921875
1 0.77734375 0.78955078125 0.095703125 0.0478515625
1 0.6826171875 0.80224609375 0.0322265625 0.03515625
1 0.560546875 0.86328125 0.0419921875 0.041015625
1 0.69384765625 0.87451171875 0.0439453125 0.0341796875
1 0.87060546875 0.8837890625 0.0439453125 0.037109375
2 0.2412109375 0.09375 0.24609375 0.1865234375
1 0.95068359375 0.97216796875 0.0810546875 0.0556640625