1 0.75341796875 0.9775390625 0.091796875 0.044921875
2 0.85498046875 0.11279296875 0.2900390625 0.09375
2 0.26513671875 0.1142578125 0.150390625 0.2158203125
1 0.84521484375 0.21044921875 0.0625 0.0732421875
1 0.76318359375 0.02294921875 0.091796875 0.0458984375
1 0.94189453125 0.32958984375 0.1162109375 0.20703125
0 0.16552734375 0.35107421875 0.3310546875 0.216796875
0 0.470703125 0.36328125 0.1982421875 0.2109375
1 0.75 0.423828125 0.1708984375 0.1435546875
1 0.90673828125 0.51123046875 0.0478515625 0.05078125
1 0.27587890625 0.5283203125 0.0849609375 0.1005859375
1 0.55615234375 0.564453125 0.115234375 0.125
0 0.416015625 0.576171875 0.1328125 0.1259765625
2 0.11083984375 0.58349609375 0.208984375 0.1904296875
1 0.67138671875 0.58984375 0.078125 0.1015625
1 0.92236328125 0.693359375 0.1552734375 0.2177734375
1 0.50390625 0.705078125 0.06640625 0.0751953125
1 0.748046875 0.74755859375 0.0908203125 0.068359375
2 0.337890625 0.7607421875 0.2294921875 0.216796875
0 0.09912109375 0.7978515625 0.1982421875 0.1396484375
1 0.5546875 0.814453125 0.04296875 0.0439453125
1 0.67333984375 0.82080078125 0.0498046875 0.05078125
1 0.82958984375 0.84228515625 0.046875 0.0537109375
1 0.109375 0.09326171875 0.080078125 0.0849609375
1 0.90673828125 0.94091796875 0.0859375 0.0908203125
2 0.1552734375 0.94384765625 0.3017578125 0.1123046875
1 0.39453125 0.9521484375 0.12890625 0.095703125
0 0.51953125 0.09619140625 0.306640625 0.1923828125