2 0.45166015625 0.10400390625 0.455078125 0.0830078125
1 0.130859375 0.146484375 0.0966796875 0.0791015625
2 0.123046875 0.26171875 0.24609375 0.1044921875
0 0.54638671875 0.02685546875 0.271484375 0.0537109375
0 0.16650390625 0.0283203125 0.1318359375 0.056640625
0 0.5732421875 0.4033203125 0.57421875 0.4755859375
1 0.0986328125 0.4638671875 0.197265625 0.23828125
1 0.04296875 0.06201171875 0.0859375 0.080078125
2 0.85107421875 0.072265625 0.2978515625 0.1435546875
1 0.0185546875 0.76318359375 0.037109375 0.134765625
2 0.90478515625 0.77978515625 0.1904296875 0.244140625
2 0.42236328125 0.82666015625 0.7109375 0.328125
1 0.91162109375 0.97021484375 0.1767578125 0.0595703125