1 0.71826171875 0.10107421875 0.0498046875 0.0517578125
0 0.5234375 0.13427734375 0.265625 0.2412109375
1 0.19921875 0.177734375 0.0498046875 0.0537109375
2 0.30908203125 0.18994140625 0.138671875 0.16015625
1 0.7734375 0.26904296875 0.0361328125 0.0517578125
1 0.853515625 0.34033203125 0.083984375 0.1103515625
1 0.94384765625 0.36279296875 0.0576171875 0.0732421875
0 0.208984375 0.37353515625 0.3125 0.18359375
0 0.47607421875 0.3876953125 0.16015625 0.162109375
1 0.70556640625 0.43603515625 0.11328125 0.0927734375
1 0.32275390625 0.51904296875 0.0537109375 0.0576171875
1 0.54150390625 0.5498046875 0.0830078125 0.0810546875
2 0.14208984375 0.5634765625 0.2841796875 0.166015625
1 0.9326171875 0.58056640625 0.0771484375 0.0849609375
2 0.38427734375 0.7041015625 0.173828125 0.169921875
0 0.17236328125 0.7216796875 0.1962890625 0.130859375
1 0.95263671875 0.76904296875 0.0634765625 0.0556640625
1 0.8173828125 0.84228515625 0.0478515625 0.0439453125
1 0.41943359375 0.880859375 0.099609375 0.0947265625
2 0.18212890625 0.8994140625 0.3544921875 0.201171875
1 0.71142578125 0.90283203125 0.0556640625 0.0498046875
1 0.90625 0.93408203125 0.0673828125 0.0849609375
1 0.56201171875 0.96875 0.0615234375 0.0537109375