0 0.57080078125 0.97998046875 0.158203125 0.041015625
2 0.1396484375 0.1220703125 0.2783203125 0.107421875
1 0.88427734375 0.15380859375 0.0625 0.0634765625
1 0.96533203125 0.26025390625 0.0693359375 0.154296875
1 0.0546875 0.0283203125 0.0927734375 0.056640625
0 0.15185546875 0.3115234375 0.3037109375 0.2470703125
0 0.45849609375 0.32958984375 0.2314453125 0.234375
1 0.779296875 0.3994140625 0.1796875 0.1494140625
2 0.095703125 0.50048828125 0.1904296875 0.1025390625
1 0.9443359375 0.50537109375 0.0556640625 0.068359375
1 0.2421875 0.51416015625 0.0830078125 0.076171875
2 0.86767578125 0.05517578125 0.2646484375 0.1103515625
1 0.5595703125 0.55908203125 0.1171875 0.1171875
0 0.40234375 0.5703125 0.1728515625 0.1884765625
1 0.67333984375 0.61279296875 0.0654296875 0.05859375
0 0.505859375 0.06591796875 0.4287109375 0.1318359375
1 0.90869140625 0.65576171875 0.0576171875 0.056640625
2 0.15185546875 0.66162109375 0.3037109375 0.1953125
1 0.9775390625 0.69580078125 0.044921875 0.1416015625
1 0.50341796875 0.72265625 0.0634765625 0.0830078125
1 0.7685546875 0.75927734375 0.0947265625 0.05859375
1 0.671875 0.771484375 0.033203125 0.0341796875
0 0.09814453125 0.830078125 0.1962890625 0.1123046875
1 0.5595703125 0.833984375 0.0390625 0.046875
1 0.68408203125 0.83642578125 0.033203125 0.037109375
1 0.857421875 0.85205078125 0.04296875 0.048828125
2 0.36669921875 0.85693359375 0.3173828125 0.166015625
2 0.099609375 0.94921875 0.1923828125 0.1015625
1 0.93310546875 0.95947265625 0.08203125 0.0732421875
1 0.349609375 0.97607421875 0.0732421875 0.0478515625