2 0.208984375 0.21142578125 0.41796875 0.4228515625
1 0.76708984375 0.2490234375 0.111328125 0.146484375
1 0.51318359375 0.38720703125 0.166015625 0.3740234375
1 0.66943359375 0.4150390625 0.0869140625 0.1513671875
1 0.33154296875 0.4931640625 0.1240234375 0.1171875
1 0.79638671875 0.50048828125 0.111328125 0.33203125
2 0.12841796875 0.556640625 0.2568359375 0.2392578125
1 0.55712890625 0.07568359375 0.2236328125 0.1513671875
1 0.75 0.08203125 0.1015625 0.1591796875
1 0.52294921875 0.82373046875 0.17578125 0.353515625
2 0.28271484375 0.84423828125 0.2802734375 0.3115234375
0 0.0625 0.84423828125 0.125 0.3115234375
1 0.7451171875 0.8798828125 0.2333984375 0.2412109375