1 0.7314453125 0.11376953125 0.05078125 0.08984375
1 0.89013671875 0.1298828125 0.0400390625 0.048828125
0 0.16796875 0.14208984375 0.3359375 0.283203125
2 0.46337890625 0.22216796875 0.2138671875 0.4443359375
1 0.8935546875 0.2236328125 0.0390625 0.0517578125
1 0.79052734375 0.28564453125 0.0751953125 0.171875
1 0.83642578125 0.03173828125 0.0654296875 0.0634765625
1 0.8876953125 0.33251953125 0.09765625 0.13671875
1 0.6796875 0.45703125 0.197265625 0.1474609375
2 0.17431640625 0.49072265625 0.3427734375 0.3984375
1 0.43994140625 0.5234375 0.1669921875 0.1240234375
1 0.89599609375 0.60791015625 0.2080078125 0.2236328125
1 0.41064453125 0.6318359375 0.0537109375 0.0634765625
1 0.62841796875 0.64208984375 0.0595703125 0.099609375
1 0.552734375 0.720703125 0.044921875 0.0537109375
1 0.2509765625 0.8505859375 0.501953125 0.298828125
1 0.90380859375 0.857421875 0.1923828125 0.2529296875
1 0.58203125 0.91796875 0.115234375 0.1474609375