2 0.86083984375 0.21044921875 0.2783203125 0.185546875
0 0.4873046875 0.25244140625 0.41796875 0.4296875
0 0.11083984375 0.28125 0.2216796875 0.3193359375
1 0.96044921875 0.4150390625 0.0791015625 0.1494140625
0 0.93994140625 0.04931640625 0.1201171875 0.0986328125
2 0.12890625 0.05419921875 0.232421875 0.1044921875
1 0.103515625 0.568359375 0.158203125 0.1708984375
0 0.3310546875 0.58935546875 0.18359375 0.1533203125
1 0.96240234375 0.66357421875 0.0751953125 0.0927734375
1 0.66455078125 0.66748046875 0.2451171875 0.244140625
2 0.12646484375 0.7421875 0.2373046875 0.1572265625
0 0.3837890625 0.75390625 0.25 0.1337890625
1 0.9013671875 0.7861328125 0.1494140625 0.1162109375
1 0.97021484375 0.8857421875 0.0595703125 0.0673828125
2 0.2412109375 0.9169921875 0.4609375 0.166015625
1 0.556640625 0.9423828125 0.123046875 0.115234375