1 0.73388671875 0.1474609375 0.083984375 0.0712890625
0 0.47998046875 0.16259765625 0.251953125 0.2158203125
1 0.11962890625 0.21630859375 0.1005859375 0.068359375
0 0.5888671875 0.02294921875 0.0869140625 0.0458984375
1 0.83154296875 0.318359375 0.060546875 0.0576171875
1 0.93994140625 0.39599609375 0.1201171875 0.146484375
0 0.16015625 0.45556640625 0.3037109375 0.24609375
0 0.45654296875 0.47021484375 0.2392578125 0.232421875
1 0.75634765625 0.04931640625 0.2109375 0.0986328125
1 0.97900390625 0.513671875 0.0419921875 0.0615234375
1 0.76611328125 0.52001953125 0.1826171875 0.17578125
1 0.95263671875 0.63134765625 0.052734375 0.05859375
0 0.14453125 0.06494140625 0.2890625 0.1298828125
1 0.2255859375 0.65673828125 0.1103515625 0.11328125
1 0.72412109375 0.69580078125 0.060546875 0.0546875
1 0.55419921875 0.70068359375 0.146484375 0.1591796875
0 0.39111328125 0.76416015625 0.1484375 0.1103515625
1 0.68359375 0.76513671875 0.072265625 0.083984375
2 0.234375 0.77001953125 0.1337890625 0.0986328125
2 0.080078125 0.796875 0.1572265625 0.40625
1 0.947265625 0.81494140625 0.0888671875 0.09375
1 0.49951171875 0.896484375 0.087890625 0.1240234375
2 0.3056640625 0.9140625 0.271484375 0.171875
1 0.810546875 0.94873046875 0.1279296875 0.091796875