1 0.56640625 0.9765625 0.068359375 0.046875
1 0.6689453125 0.9814453125 0.05078125 0.037109375
0 0.48095703125 0.10693359375 0.1904296875 0.2138671875
1 0.193359375 0.17529296875 0.064453125 0.0546875
1 0.77587890625 0.2666015625 0.0458984375 0.0400390625
1 0.85693359375 0.33544921875 0.0908203125 0.103515625
1 0.95263671875 0.35693359375 0.0556640625 0.076171875
0 0.4736328125 0.38720703125 0.17578125 0.18359375
0 0.29345703125 0.3935546875 0.1357421875 0.146484375
1 0.9755859375 0.04296875 0.04296875 0.0419921875
1 0.86962890625 0.423828125 0.0419921875 0.0419921875
1 0.70556640625 0.43408203125 0.1357421875 0.1025390625
1 0.82470703125 0.51123046875 0.0380859375 0.033203125
2 0.103515625 0.5205078125 0.205078125 0.2822265625
1 0.31884765625 0.5205078125 0.0595703125 0.060546875
1 0.54443359375 0.5537109375 0.0908203125 0.0908203125
1 0.93505859375 0.57861328125 0.0869140625 0.0703125
1 0.62841796875 0.591796875 0.0556640625 0.0458984375
1 0.80029296875 0.625 0.0478515625 0.0419921875
2 0.30908203125 0.66259765625 0.1630859375 0.19921875
1 0.50634765625 0.6669921875 0.0537109375 0.0556640625
1 0.89697265625 0.67333984375 0.1005859375 0.1083984375
2 0.1875 0.068359375 0.369140625 0.13671875
1 0.69775390625 0.69873046875 0.0732421875 0.0419921875
1 0.5439453125 0.75439453125 0.03515625 0.02734375
1 0.64013671875 0.755859375 0.0400390625 0.0302734375
1 0.76708984375 0.77099609375 0.0361328125 0.029296875
1 0.96435546875 0.7744140625 0.0712890625 0.0556640625
1 0.82275390625 0.8505859375 0.0615234375 0.056640625
1 0.41748046875 0.888671875 0.1025390625 0.0927734375
2 0.1787109375 0.89453125 0.35546875 0.2109375
1 0.71240234375 0.912109375 0.0595703125 0.0498046875
1 0.72119140625 0.09375 0.0654296875 0.05859375
1 0.91650390625 0.94189453125 0.072265625 0.087890625