0 0.9287109375 0.17333984375 0.142578125 0.1025390625
0 0.1357421875 0.28564453125 0.271484375 0.3271484375
0 0.4951171875 0.29931640625 0.3388671875 0.349609375
1 0.90625 0.42724609375 0.0966796875 0.1025390625
2 0.5 0.0537109375 1 0.107421875
1 0.1875 0.55908203125 0.1044921875 0.1123046875
1 0.642578125 0.63720703125 0.1552734375 0.166015625
0 0.4267578125 0.7080078125 0.2412109375 0.1171875
1 0.82568359375 0.7265625 0.091796875 0.0908203125
2 0.0615234375 0.7333984375 0.123046875 0.5341796875
1 0.55126953125 0.88037109375 0.0947265625 0.1201171875
2 0.3154296875 0.890625 0.3515625 0.21875
1 0.94677734375 0.96337890625 0.0703125 0.06640625