1 0.57177734375 0.9833984375 0.099609375 0.033203125
0 0.48095703125 0.1015625 0.2373046875 0.203125
0 0.2578125 0.01416015625 0.0927734375 0.0283203125
1 0.16455078125 0.1474609375 0.0859375 0.0869140625
2 0.8525390625 0.15380859375 0.265625 0.0673828125
2 0.2841796875 0.16015625 0.1025390625 0.1513671875
0 0.03173828125 0.1875 0.0634765625 0.1279296875
1 0.79248046875 0.24365234375 0.064453125 0.0537109375
1 0.91650390625 0.34814453125 0.1669921875 0.17578125
0 0.22265625 0.3671875 0.263671875 0.20703125
0 0.46875 0.38232421875 0.189453125 0.189453125
1 0.7236328125 0.4228515625 0.1455078125 0.1298828125
1 0.849609375 0.50439453125 0.041015625 0.0517578125
1 0.30322265625 0.52490234375 0.07421875 0.087890625
1 0.54931640625 0.556640625 0.09765625 0.109375
2 0.12939453125 0.55810546875 0.25 0.130859375
0 0.4208984375 0.568359375 0.12890625 0.1396484375
1 0.65087890625 0.5791015625 0.0693359375 0.1025390625
1 0.90283203125 0.64111328125 0.1943359375 0.203125
1 0.740234375 0.06689453125 0.099609375 0.08203125
1 0.50341796875 0.68359375 0.0673828125 0.0654296875
1 0.71875 0.71337890625 0.080078125 0.0712890625
2 0.3603515625 0.74169921875 0.2001953125 0.1806640625
0 0.12548828125 0.748046875 0.2109375 0.1865234375
1 0.544921875 0.77197265625 0.0498046875 0.0478515625
1 0.64208984375 0.77392578125 0.033203125 0.0439453125
1 0.78466796875 0.79052734375 0.044921875 0.048828125
1 0.97412109375 0.798828125 0.0517578125 0.0810546875
1 0.8486328125 0.8798828125 0.0830078125 0.0751953125
1 0.4052734375 0.9169921875 0.12890625 0.1142578125
2 0.1591796875 0.9296875 0.3095703125 0.140625
1 0.7275390625 0.94580078125 0.0751953125 0.08203125
1 0.94580078125 0.96142578125 0.0849609375 0.0771484375