1 0.56689453125 0.97705078125 0.0634765625 0.04296875
1 0.67041015625 0.984375 0.0576171875 0.03125
0 0.49365234375 0.10595703125 0.2236328125 0.2119140625
1 0.1943359375 0.173828125 0.0703125 0.0576171875
2 0.30224609375 0.1865234375 0.1298828125 0.2509765625
1 0.775390625 0.2646484375 0.052734375 0.0478515625
1 0.85693359375 0.33544921875 0.0986328125 0.1123046875
1 0.9501953125 0.35546875 0.0625 0.0693359375
0 0.47216796875 0.38671875 0.1728515625 0.1748046875
0 0.2890625 0.396484375 0.146484375 0.1435546875
1 0.97705078125 0.0419921875 0.0458984375 0.0439453125
1 0.87158203125 0.4248046875 0.0458984375 0.0400390625
1 0.70751953125 0.43505859375 0.1357421875 0.107421875
2 0.1025390625 0.50048828125 0.205078125 0.2578125
1 0.82470703125 0.50634765625 0.0419921875 0.0361328125
1 0.3193359375 0.5224609375 0.0703125 0.0595703125
1 0.65771484375 0.54736328125 0.0322265625 0.0322265625
1 0.54150390625 0.55419921875 0.0927734375 0.083984375
1 0.94091796875 0.57568359375 0.0947265625 0.0693359375
1 0.63134765625 0.5927734375 0.0537109375 0.0439453125
1 0.798828125 0.6240234375 0.052734375 0.0478515625
1 0.5048828125 0.6669921875 0.05078125 0.0556640625
1 0.90478515625 0.66748046875 0.1318359375 0.1044921875
2 0.31689453125 0.66943359375 0.1669921875 0.1943359375
1 0.70068359375 0.6953125 0.0712890625 0.0458984375
1 0.54736328125 0.74951171875 0.0380859375 0.037109375
1 0.63818359375 0.7578125 0.0400390625 0.0302734375
1 0.76416015625 0.76806640625 0.0419921875 0.03515625
1 0.95947265625 0.7685546875 0.0810546875 0.0673828125
1 0.81982421875 0.84521484375 0.0712890625 0.060546875
1 0.41259765625 0.88671875 0.0966796875 0.09375
2 0.17578125 0.890625 0.3515625 0.21875
1 0.71728515625 0.91015625 0.0693359375 0.0537109375
1 0.72021484375 0.0947265625 0.0595703125 0.0595703125
1 0.9140625 0.94091796875 0.080078125 0.091796875