1 0.88525390625 0.1494140625 0.0625 0.0673828125
1 0.95751953125 0.25927734375 0.0849609375 0.1552734375
1 0.0546875 0.03076171875 0.099609375 0.0615234375
0 0.15234375 0.30859375 0.30078125 0.251953125
0 0.45751953125 0.33154296875 0.25 0.244140625
1 0.7763671875 0.38720703125 0.18359375 0.1796875
1 0.94140625 0.501953125 0.056640625 0.0537109375
2 0.91845703125 0.05126953125 0.1396484375 0.0947265625
1 0.24072265625 0.51513671875 0.10546875 0.095703125
1 0.5576171875 0.56005859375 0.13671875 0.130859375
2 0.09375 0.60986328125 0.171875 0.3125
1 0.67822265625 0.6142578125 0.07421875 0.0595703125
1 0.93603515625 0.67529296875 0.1279296875 0.107421875
1 0.50048828125 0.71044921875 0.0859375 0.095703125
0 0.6015625 0.07421875 0.4365234375 0.1484375
1 0.7646484375 0.75830078125 0.11328125 0.06640625
2 0.3193359375 0.77001953125 0.248046875 0.1982421875
1 0.55908203125 0.82568359375 0.0654296875 0.068359375
0 0.08984375 0.8359375 0.1796875 0.1044921875
1 0.84521484375 0.8427734375 0.0556640625 0.0439453125
2 0.2451171875 0.0859375 0.2373046875 0.1630859375
2 0.64013671875 0.9375 0.4189453125 0.125
1 0.9208984375 0.9501953125 0.09765625 0.0947265625
2 0.13916015625 0.95263671875 0.2783203125 0.0947265625
1 0.34423828125 0.9638671875 0.1044921875 0.072265625