1 0.72216796875 0.1025390625 0.060546875 0.05859375
0 0.5244140625 0.1259765625 0.2802734375 0.2470703125
2 0.310546875 0.17724609375 0.1171875 0.1494140625
1 0.20068359375 0.18212890625 0.0634765625 0.0615234375
0 0.0322265625 0.19775390625 0.064453125 0.107421875
1 0.81591796875 0.30908203125 0.1455078125 0.134765625
1 0.94580078125 0.35302734375 0.064453125 0.0859375
0 0.19482421875 0.36865234375 0.333984375 0.205078125
0 0.4755859375 0.39208984375 0.158203125 0.173828125
0 0.1591796875 0.04296875 0.318359375 0.0859375
1 0.70361328125 0.43603515625 0.1259765625 0.095703125
1 0.3203125 0.52001953125 0.05859375 0.0732421875
1 0.54150390625 0.5517578125 0.0849609375 0.0927734375
2 0.1396484375 0.5615234375 0.279296875 0.15625
1 0.927734375 0.5712890625 0.0908203125 0.078125
0 0.904296875 0.05859375 0.19140625 0.1171875
0 0.431640625 0.59326171875 0.109375 0.0634765625
1 0.63427734375 0.59326171875 0.0556640625 0.0537109375
1 0.79541015625 0.6240234375 0.041015625 0.0419921875
1 0.50830078125 0.6689453125 0.0537109375 0.05859375
1 0.88671875 0.67041015625 0.1015625 0.1005859375
1 0.6904296875 0.697265625 0.080078125 0.037109375
2 0.38134765625 0.72265625 0.1806640625 0.166015625
0 0.17041015625 0.72412109375 0.2119140625 0.1396484375
1 0.642578125 0.75439453125 0.04296875 0.0439453125
1 0.544921875 0.755859375 0.048828125 0.0517578125
1 0.763671875 0.7666015625 0.0361328125 0.0390625
1 0.95703125 0.76904296875 0.0859375 0.0634765625
1 0.81982421875 0.8388671875 0.05078125 0.0615234375
1 0.42041015625 0.8837890625 0.1025390625 0.107421875
1 0.7158203125 0.89990234375 0.052734375 0.06640625
2 0.173828125 0.91015625 0.34765625 0.1796875
1 0.91357421875 0.93701171875 0.0771484375 0.0869140625
1 0.564453125 0.97265625 0.0439453125 0.0556640625