1 0.82421875 0.97900390625 0.0556640625 0.0419921875
2 0.75 0.28759765625 0.150390625 0.3291015625
0 0.49267578125 0.296875 0.3349609375 0.33984375
0 0.1396484375 0.31982421875 0.27734375 0.275390625
1 0.92041015625 0.44189453125 0.1591796875 0.125
2 0.66748046875 0.05615234375 0.6650390625 0.111328125
1 0.1845703125 0.5576171875 0.09375 0.10546875
1 0.78271484375 0.59814453125 0.0419921875 0.037109375
1 0.87451171875 0.6357421875 0.0771484375 0.0673828125
1 0.6357421875 0.63623046875 0.1640625 0.173828125
1 0.8291015625 0.7255859375 0.095703125 0.087890625
1 0.8798828125 0.80615234375 0.056640625 0.0458984375
2 0.16650390625 0.8125 0.3271484375 0.375
1 0.94140625 0.84765625 0.0419921875 0.0439453125
2 0.16015625 0.0859375 0.314453125 0.171875
2 0.41845703125 0.869140625 0.1513671875 0.26171875
1 0.55419921875 0.873046875 0.0927734375 0.115234375
1 0.95458984375 0.96484375 0.0908203125 0.0703125