1 0.66650390625 0.98095703125 0.044921875 0.0380859375
1 0.71923828125 0.10107421875 0.052734375 0.056640625
0 0.4931640625 0.115234375 0.2392578125 0.2021484375
1 0.1982421875 0.18017578125 0.0537109375 0.0546875
1 0.7734375 0.26953125 0.0439453125 0.0478515625
1 0.85205078125 0.341796875 0.095703125 0.115234375
1 0.9423828125 0.35986328125 0.0595703125 0.0634765625
0 0.47412109375 0.392578125 0.173828125 0.1669921875
0 0.26513671875 0.39306640625 0.1953125 0.1416015625
1 0.86572265625 0.4267578125 0.0439453125 0.0419921875
1 0.70263671875 0.4384765625 0.1201171875 0.1005859375
2 0.0791015625 0.50048828125 0.158203125 0.2978515625
1 0.8203125 0.509765625 0.029296875 0.0263671875
1 0.32177734375 0.52001953125 0.0537109375 0.052734375
1 0.54443359375 0.55126953125 0.0869140625 0.080078125
1 0.92919921875 0.576171875 0.0869140625 0.05859375
1 0.62646484375 0.5947265625 0.0439453125 0.0400390625
1 0.794921875 0.6220703125 0.048828125 0.0361328125
1 0.50439453125 0.66552734375 0.0419921875 0.052734375
2 0.32421875 0.66650390625 0.302734375 0.125
1 0.8896484375 0.66748046875 0.1123046875 0.107421875
1 0.6953125 0.69482421875 0.072265625 0.04296875
1 0.5439453125 0.74853515625 0.03125 0.02734375
1 0.63232421875 0.75244140625 0.0322265625 0.0283203125
1 0.76025390625 0.76513671875 0.033203125 0.0244140625
1 0.9521484375 0.7666015625 0.06640625 0.0595703125
1 0.818359375 0.8408203125 0.0517578125 0.05078125
1 0.4169921875 0.8779296875 0.09375 0.0869140625
2 0.18359375 0.8876953125 0.361328125 0.224609375
1 0.712890625 0.9033203125 0.052734375 0.0478515625
1 0.90625 0.93408203125 0.0634765625 0.078125
1 0.57080078125 0.96484375 0.0458984375 0.046875