1 0.83837890625 0.1015625 0.1083984375 0.2021484375
2 0.36669921875 0.12646484375 0.1728515625 0.2529296875
1 0.13671875 0.126953125 0.267578125 0.25390625
1 0.60107421875 0.134765625 0.2705078125 0.26953125
1 0.89990234375 0.35791015625 0.1416015625 0.18359375
1 0.591796875 0.3779296875 0.060546875 0.0830078125
2 0.20654296875 0.43701171875 0.4130859375 0.349609375
1 0.6416015625 0.47900390625 0.05859375 0.0625
1 0.7783203125 0.498046875 0.06640625 0.1240234375
1 0.943359375 0.515625 0.0703125 0.0771484375
1 0.47412109375 0.58837890625 0.0986328125 0.11328125
1 0.64599609375 0.6455078125 0.146484375 0.2548828125
1 0.94287109375 0.6611328125 0.1142578125 0.1884765625
1 0.14697265625 0.8125 0.2939453125 0.375
2 0.435546875 0.826171875 0.248046875 0.34765625
1 0.70947265625 0.90283203125 0.1162109375 0.16796875