0 0.5205078125 0.130859375 0.267578125 0.251953125
1 0.19580078125 0.1708984375 0.05859375 0.0634765625
2 0.30712890625 0.1953125 0.1337890625 0.166015625
0 0.04296875 0.2138671875 0.0859375 0.1298828125
1 0.82470703125 0.30908203125 0.1435546875 0.1396484375
1 0.94775390625 0.35888671875 0.052734375 0.068359375
0 0.21044921875 0.3759765625 0.302734375 0.1708984375
0 0.47412109375 0.38818359375 0.1611328125 0.166015625
1 0.87109375 0.42626953125 0.0458984375 0.0419921875
1 0.7060546875 0.44091796875 0.1162109375 0.095703125
0 0.1591796875 0.04541015625 0.318359375 0.0908203125
1 0.3203125 0.517578125 0.0537109375 0.0537109375
1 0.54638671875 0.5517578125 0.080078125 0.0830078125
2 0.14208984375 0.56396484375 0.2841796875 0.1806640625
1 0.9306640625 0.57275390625 0.08203125 0.0615234375
0 0.44140625 0.59326171875 0.1044921875 0.0634765625
1 0.80029296875 0.62255859375 0.0458984375 0.0439453125
1 0.505859375 0.66796875 0.048828125 0.056640625
1 0.89404296875 0.67041015625 0.111328125 0.1103515625
0 0.908203125 0.06982421875 0.18359375 0.1396484375
1 0.69775390625 0.6982421875 0.0751953125 0.0390625
2 0.38525390625 0.71533203125 0.1728515625 0.15625
0 0.16796875 0.72900390625 0.216796875 0.1298828125
1 0.95751953125 0.771484375 0.072265625 0.068359375
1 0.82568359375 0.84716796875 0.0576171875 0.05859375
1 0.4130859375 0.88525390625 0.0927734375 0.0859375
2 0.17724609375 0.90283203125 0.3544921875 0.1943359375
1 0.7158203125 0.91064453125 0.052734375 0.0537109375
1 0.9111328125 0.93896484375 0.0576171875 0.0810546875
1 0.724609375 0.09521484375 0.0556640625 0.05859375
1 0.5634765625 0.9736328125 0.05078125 0.052734375