1 0.71435546875 0.1015625 0.0693359375 0.0712890625
0 0.48974609375 0.11865234375 0.251953125 0.19921875
2 0.302734375 0.146484375 0.091796875 0.29296875
1 0.197265625 0.18115234375 0.0654296875 0.064453125
1 0.77294921875 0.271484375 0.0517578125 0.052734375
1 0.85400390625 0.34423828125 0.0966796875 0.1162109375
1 0.947265625 0.36279296875 0.0615234375 0.0703125
0 0.47216796875 0.3837890625 0.1728515625 0.1845703125
0 0.283203125 0.38916015625 0.150390625 0.1611328125
1 0.70654296875 0.43017578125 0.1376953125 0.1259765625
1 0.86328125 0.43310546875 0.048828125 0.0419921875
1 0.8173828125 0.5126953125 0.0439453125 0.0478515625
1 0.3095703125 0.52294921875 0.06640625 0.068359375
2 0.09521484375 0.52392578125 0.1904296875 0.2822265625
1 0.6611328125 0.55029296875 0.046875 0.033203125
1 0.54638671875 0.55615234375 0.0986328125 0.099609375
1 0.9306640625 0.56689453125 0.0947265625 0.068359375
1 0.64599609375 0.61474609375 0.0712890625 0.0693359375
1 0.79052734375 0.6240234375 0.05078125 0.0537109375
2 0.291015625 0.666015625 0.166015625 0.1982421875
1 0.51123046875 0.66650390625 0.052734375 0.0654296875
1 0.88818359375 0.66796875 0.12109375 0.103515625
1 0.70068359375 0.693359375 0.07421875 0.046875
1 0.63818359375 0.748046875 0.0361328125 0.0439453125
1 0.544921875 0.75390625 0.033203125 0.0439453125
1 0.95556640625 0.767578125 0.0888671875 0.0732421875
1 0.77783203125 0.78076171875 0.0419921875 0.041015625
1 0.82421875 0.84228515625 0.07421875 0.064453125
1 0.41552734375 0.880859375 0.11328125 0.111328125
2 0.16796875 0.89453125 0.3359375 0.2109375
1 0.71142578125 0.8974609375 0.0654296875 0.076171875
1 0.90869140625 0.93017578125 0.0712890625 0.08984375
1 0.55859375 0.970703125 0.05859375 0.05859375