1 0.7158203125 0.10498046875 0.052734375 0.0537109375
0 0.52294921875 0.1357421875 0.2626953125 0.2470703125
1 0.197265625 0.18212890625 0.060546875 0.0615234375
2 0.31201171875 0.1845703125 0.138671875 0.18359375
2 0.83349609375 0.189453125 0.3330078125 0.0908203125
0 0.0498046875 0.224609375 0.09765625 0.1318359375
1 0.7734375 0.27001953125 0.041015625 0.046875
1 0.890625 0.3408203125 0.16796875 0.125
0 0.2373046875 0.37744140625 0.2587890625 0.1787109375
0 0.47314453125 0.3896484375 0.158203125 0.1640625
0 0.08984375 0.04052734375 0.177734375 0.0810546875
1 0.3203125 0.52001953125 0.0537109375 0.05859375
1 0.54248046875 0.55322265625 0.0830078125 0.0859375
2 0.14306640625 0.55419921875 0.2861328125 0.15625
1 0.9296875 0.5810546875 0.0947265625 0.0732421875
1 0.50244140625 0.66650390625 0.05078125 0.0732421875
1 0.6953125 0.69482421875 0.0849609375 0.046875
0 0.16650390625 0.7119140625 0.205078125 0.1396484375
1 0.95263671875 0.76416015625 0.0673828125 0.068359375
1 0.8173828125 0.8388671875 0.0556640625 0.0615234375
1 0.41552734375 0.88134765625 0.0927734375 0.0927734375
2 0.1796875 0.89697265625 0.359375 0.20703125
1 0.7109375 0.89990234375 0.0576171875 0.0615234375
1 0.55712890625 0.97119140625 0.05859375 0.0576171875