2 0.75 0.283203125 0.150390625 0.3388671875
0 0.4892578125 0.28759765625 0.3349609375 0.3525390625
0 0.1396484375 0.31982421875 0.27734375 0.275390625
1 0.9267578125 0.4306640625 0.146484375 0.125
2 0.66748046875 0.05078125 0.6650390625 0.1005859375
1 0.17529296875 0.5625 0.1064453125 0.10546875
1 0.79541015625 0.6025390625 0.0419921875 0.037109375
1 0.6435546875 0.64013671875 0.185546875 0.181640625
1 0.896484375 0.64208984375 0.0771484375 0.0673828125
1 0.83056640625 0.73828125 0.12109375 0.087890625
2 0.16650390625 0.8125 0.3271484375 0.375
1 0.89892578125 0.81689453125 0.056640625 0.0458984375
2 0.15625 0.0859375 0.3125 0.171875
1 0.96044921875 0.861328125 0.0419921875 0.0439453125
2 0.41845703125 0.869140625 0.1513671875 0.26171875
1 0.55419921875 0.8916015625 0.0927734375 0.115234375
2 0.73193359375 0.8955078125 0.2392578125 0.208984375
1 0.95458984375 0.97314453125 0.0908203125 0.0537109375