1 0.880859375 0.185546875 0.0615234375 0.056640625
1 0.96240234375 0.26416015625 0.0751953125 0.1455078125
0 0.45654296875 0.3544921875 0.2314453125 0.2333984375
0 0.21728515625 0.36962890625 0.171875 0.1904296875
1 0.77783203125 0.41455078125 0.1640625 0.138671875
1 0.947265625 0.52392578125 0.05078125 0.044921875
0 0.48388671875 0.052734375 0.2177734375 0.10546875
1 0.244140625 0.544921875 0.078125 0.083984375
1 0.71826171875 0.58056640625 0.044921875 0.0400390625
1 0.564453125 0.58447265625 0.115234375 0.1142578125
2 0.09619140625 0.63232421875 0.1923828125 0.3115234375
1 0.07275390625 0.06396484375 0.080078125 0.068359375
1 0.67822265625 0.640625 0.0595703125 0.048828125
1 0.9150390625 0.677734375 0.0576171875 0.052734375
1 0.720703125 0.68994140625 0.025390625 0.03125
1 0.9755859375 0.69580078125 0.048828125 0.08203125
1 0.5078125 0.748046875 0.0634765625 0.0712890625
2 0.3369140625 0.78466796875 0.26171875 0.294921875
1 0.77734375 0.78955078125 0.095703125 0.0478515625
1 0.6826171875 0.80224609375 0.0322265625 0.03515625
1 0.56201171875 0.8662109375 0.0419921875 0.041015625
1 0.6953125 0.87890625 0.0439453125 0.0341796875
1 0.87353515625 0.89013671875 0.0439453125 0.037109375
2 0.2412109375 0.09375 0.24609375 0.1865234375
1 0.95947265625 0.97216796875 0.0810546875 0.0556640625