1 0.71533203125 0.10400390625 0.0537109375 0.05078125
0 0.48779296875 0.1162109375 0.2099609375 0.2041015625
2 0.30615234375 0.16943359375 0.1416015625 0.244140625
1 0.1982421875 0.1796875 0.0546875 0.0576171875
1 0.7705078125 0.26904296875 0.046875 0.0419921875
1 0.8486328125 0.3408203125 0.0966796875 0.107421875
1 0.93994140625 0.36181640625 0.0634765625 0.0595703125
0 0.28662109375 0.38330078125 0.1611328125 0.1640625
0 0.4736328125 0.38818359375 0.169921875 0.171875
1 0.86181640625 0.423828125 0.0419921875 0.0419921875
1 0.7001953125 0.431640625 0.125 0.1005859375
1 0.81787109375 0.50634765625 0.0400390625 0.0361328125
2 0.09765625 0.50830078125 0.193359375 0.2734375
1 0.32275390625 0.52001953125 0.0546875 0.0615234375
1 0.5458984375 0.55078125 0.0869140625 0.087890625
1 0.9306640625 0.57421875 0.09375 0.0654296875
1 0.62646484375 0.59326171875 0.0439453125 0.037109375
1 0.7890625 0.6181640625 0.044921875 0.0400390625
2 0.29833984375 0.6474609375 0.1845703125 0.1728515625
1 0.505859375 0.6650390625 0.048828125 0.0556640625
1 0.890625 0.66845703125 0.119140625 0.1025390625
1 0.69580078125 0.69287109375 0.0693359375 0.041015625
1 0.54296875 0.74560546875 0.033203125 0.029296875
1 0.63427734375 0.7509765625 0.0361328125 0.0244140625
1 0.7587890625 0.76123046875 0.0390625 0.029296875
1 0.9521484375 0.765625 0.07421875 0.060546875
1 0.81982421875 0.84033203125 0.0546875 0.0556640625
1 0.4189453125 0.87744140625 0.0966796875 0.0966796875
2 0.1826171875 0.89013671875 0.359375 0.2197265625
1 0.71435546875 0.8984375 0.056640625 0.0458984375
1 0.90478515625 0.931640625 0.06640625 0.087890625
1 0.56396484375 0.96875 0.0556640625 0.0537109375
1 0.66162109375 0.9755859375 0.0419921875 0.0439453125