2 0.169921875 0.12646484375 0.322265625 0.125
1 0.16455078125 0.02587890625 0.0791015625 0.0517578125
0 0.67431640625 0.26953125 0.6513671875 0.5390625
1 0.15625 0.3369140625 0.302734375 0.2734375
1 0.1474609375 0.63916015625 0.158203125 0.2080078125
2 0.86474609375 0.67724609375 0.2705078125 0.244140625
1 0.3017578125 0.76318359375 0.0830078125 0.0966796875
2 0.53076171875 0.787109375 0.353515625 0.4228515625
2 0.10302734375 0.88134765625 0.1806640625 0.2373046875
1 0.86572265625 0.9130859375 0.2685546875 0.173828125
0 0.27392578125 0.94873046875 0.1142578125 0.099609375