0 0.22705078125 0.162109375 0.4521484375 0.32421875
1 0.96240234375 0.21044921875 0.0751953125 0.2060546875
2 0.59228515625 0.2158203125 0.1982421875 0.4267578125
1 0.828125 0.27490234375 0.072265625 0.0771484375
1 0.908203125 0.0380859375 0.076171875 0.076171875
1 0.8251953125 0.43017578125 0.22265625 0.1728515625
2 0.2421875 0.49462890625 0.484375 0.3251953125
1 0.56591796875 0.5068359375 0.1416015625 0.1220703125
1 0.5244140625 0.62060546875 0.05859375 0.060546875
1 0.87890625 0.6875 0.064453125 0.0888671875
1 0.76904296875 0.6923828125 0.0869140625 0.2041015625
1 0.67333984375 0.7158203125 0.0595703125 0.0634765625
1 0.36474609375 0.83349609375 0.4814453125 0.330078125
1 0.72314453125 0.9208984375 0.1396484375 0.158203125