1 0.55810546875 0.9794921875 0.0693359375 0.041015625
0 0.4990234375 0.103515625 0.23046875 0.20703125
2 0.3095703125 0.1494140625 0.1279296875 0.2900390625
1 0.1884765625 0.1640625 0.0771484375 0.0673828125
1 0.7841796875 0.25634765625 0.0546875 0.0478515625
1 0.86572265625 0.330078125 0.091796875 0.1171875
1 0.96435546875 0.357421875 0.0712890625 0.078125
0 0.47265625 0.38525390625 0.177734375 0.1845703125
0 0.27392578125 0.38818359375 0.1708984375 0.166015625
1 0.88037109375 0.423828125 0.0458984375 0.0419921875
1 0.70947265625 0.4384765625 0.1318359375 0.1025390625
2 0.09228515625 0.5029296875 0.1787109375 0.2744140625
1 0.83251953125 0.51123046875 0.0419921875 0.0380859375
1 0.3193359375 0.521484375 0.064453125 0.0625
1 0.66064453125 0.55029296875 0.0419921875 0.029296875
1 0.54443359375 0.55322265625 0.08984375 0.095703125
1 0.9482421875 0.5771484375 0.091796875 0.0693359375
1 0.63037109375 0.59375 0.0556640625 0.0458984375
1 0.80859375 0.62451171875 0.0517578125 0.04296875
1 0.50732421875 0.66748046875 0.0517578125 0.0615234375
2 0.287109375 0.67138671875 0.181640625 0.197265625
1 0.91259765625 0.67333984375 0.123046875 0.1025390625
1 0.7041015625 0.7021484375 0.07421875 0.0478515625
1 0.54638671875 0.75146484375 0.0400390625 0.0361328125
1 0.77099609375 0.77490234375 0.04296875 0.0361328125
1 0.96240234375 0.77978515625 0.0751953125 0.0673828125
1 0.73046875 0.08251953125 0.0615234375 0.0654296875
1 0.83056640625 0.857421875 0.0712890625 0.0654296875
2 0.17431640625 0.8974609375 0.3486328125 0.205078125
1 0.4130859375 0.9013671875 0.1025390625 0.10546875
1 0.71630859375 0.9189453125 0.068359375 0.060546875
1 0.92529296875 0.95361328125 0.08203125 0.0927734375