1 0.763671875 0.1162109375 0.0654296875 0.056640625
0 0.529296875 0.15771484375 0.314453125 0.2470703125
1 0.13623046875 0.2041015625 0.060546875 0.06640625
2 0.2705078125 0.20751953125 0.1728515625 0.2001953125
2 0.8505859375 0.22119140625 0.298828125 0.076171875
0 0.11279296875 0.02685546875 0.2255859375 0.0537109375
1 0.861328125 0.3017578125 0.0654296875 0.0615234375
1 0.95703125 0.384765625 0.0859375 0.1494140625
0 0.1591796875 0.4384765625 0.3173828125 0.2373046875
0 0.46826171875 0.45556640625 0.216796875 0.2177734375
1 0.79052734375 0.51025390625 0.16796875 0.1318359375
1 0.2412109375 0.6298828125 0.0703125 0.087890625
1 0.57080078125 0.6826171875 0.1142578125 0.1298828125
2 0.09814453125 0.78564453125 0.1962890625 0.4287109375
0 0.94091796875 0.08544921875 0.1181640625 0.1708984375
1 0.51220703125 0.8740234375 0.080078125 0.1025390625
2 0.33740234375 0.89453125 0.2490234375 0.2119140625
1 0.8232421875 0.93017578125 0.1162109375 0.068359375