2 0.19775390625 0.20263671875 0.3955078125 0.4052734375
1 0.4462890625 0.2392578125 0.0751953125 0.09765625
1 0.74755859375 0.244140625 0.12109375 0.146484375
1 0.65380859375 0.41748046875 0.109375 0.185546875
1 0.5244140625 0.4384765625 0.109375 0.232421875
1 0.30712890625 0.4833984375 0.119140625 0.1318359375
1 0.7744140625 0.5126953125 0.1015625 0.33203125
2 0.115234375 0.59326171875 0.23046875 0.3515625
1 0.72314453125 0.06494140625 0.1015625 0.1298828125
1 0.54248046875 0.07080078125 0.1953125 0.1416015625
1 0.4912109375 0.84423828125 0.1953125 0.3115234375
1 0.72705078125 0.87255859375 0.236328125 0.255859375
0 0.0419921875 0.890625 0.083984375 0.21875
2 0.2412109375 0.89208984375 0.2802734375 0.216796875