0 0.5029296875 0.1064453125 0.2685546875 0.212890625
2 0.2900390625 0.13818359375 0.109375 0.1865234375
1 0.158203125 0.140625 0.0888671875 0.0810546875
2 0.86279296875 0.14306640625 0.2744140625 0.0859375
0 0.0146484375 0.17822265625 0.029296875 0.1220703125
1 0.80712890625 0.23388671875 0.056640625 0.0576171875
1 0.921875 0.34765625 0.15625 0.1953125
0 0.17724609375 0.35693359375 0.3447265625 0.205078125
0 0.47021484375 0.376953125 0.193359375 0.1943359375
1 0.7255859375 0.4248046875 0.14453125 0.1455078125
1 0.74169921875 0.04443359375 0.0849609375 0.0859375
1 0.859375 0.50830078125 0.0458984375 0.046875
1 0.294921875 0.525390625 0.0810546875 0.0810546875
1 0.552734375 0.55712890625 0.109375 0.1171875
2 0.125 0.5673828125 0.240234375 0.1689453125
0 0.419921875 0.57421875 0.1279296875 0.1396484375
1 0.65478515625 0.5830078125 0.0703125 0.1103515625
1 0.90283203125 0.65185546875 0.1943359375 0.197265625
1 0.5048828125 0.68896484375 0.0576171875 0.0673828125
1 0.71923828125 0.71826171875 0.087890625 0.0615234375
2 0.35546875 0.75439453125 0.212890625 0.16796875
0 0.1201171875 0.7626953125 0.2158203125 0.1845703125
1 0.55078125 0.77685546875 0.05078125 0.056640625
1 0.6474609375 0.78466796875 0.05078125 0.0478515625
1 0.98291015625 0.79736328125 0.0341796875 0.06640625
1 0.79736328125 0.7998046875 0.05078125 0.048828125
1 0.86083984375 0.88818359375 0.083984375 0.0810546875
1 0.3974609375 0.93310546875 0.119140625 0.1162109375
2 0.16552734375 0.9365234375 0.318359375 0.126953125
1 0.73828125 0.958984375 0.072265625 0.0654296875
1 0.95947265625 0.9658203125 0.0732421875 0.068359375