1 0.7646484375 0.11474609375 0.0625 0.078125
0 0.52783203125 0.150390625 0.326171875 0.2568359375
1 0.13134765625 0.1943359375 0.0654296875 0.0615234375
2 0.265625 0.208984375 0.1728515625 0.18359375
2 0.85302734375 0.2099609375 0.2939453125 0.087890625
1 0.85498046875 0.29052734375 0.0576171875 0.0537109375
0 0.16796875 0.0341796875 0.2412109375 0.068359375
1 0.95703125 0.38232421875 0.0859375 0.14453125
0 0.1591796875 0.4296875 0.318359375 0.234375
0 0.46826171875 0.44921875 0.216796875 0.21484375
1 0.7939453125 0.50927734375 0.1650390625 0.1396484375
1 0.24365234375 0.625 0.080078125 0.0732421875
1 0.5693359375 0.677734375 0.1220703125 0.1201171875
0 0.927734375 0.0771484375 0.14453125 0.154296875
2 0.09716796875 0.77978515625 0.1923828125 0.44140625
1 0.96240234375 0.7900390625 0.0576171875 0.0615234375
1 0.5107421875 0.8642578125 0.0732421875 0.087890625
2 0.3349609375 0.89453125 0.25390625 0.2119140625
1 0.818359375 0.921875 0.111328125 0.06640625