0 0.8837890625 0.21630859375 0.232421875 0.154296875
0 0.16162109375 0.33447265625 0.3232421875 0.263671875
0 0.5 0.34814453125 0.265625 0.2666015625
1 0.08642578125 0.0390625 0.0830078125 0.078125
1 0.8935546875 0.42138671875 0.212890625 0.173828125
1 0.2509765625 0.55810546875 0.080078125 0.0810546875
1 0.6181640625 0.6142578125 0.140625 0.134765625
0 0.5634765625 0.0634765625 0.48046875 0.126953125
2 0.1005859375 0.66650390625 0.201171875 0.3759765625
0 0.44482421875 0.6787109375 0.185546875 0.09765625
1 0.76220703125 0.68359375 0.0771484375 0.078125
1 0.54736328125 0.810546875 0.0732421875 0.1025390625
2 0.3583984375 0.8701171875 0.28515625 0.2607421875
1 0.8916015625 0.88134765625 0.130859375 0.078125
0 0.0859375 0.9267578125 0.171875 0.1201171875
2 0.2275390625 0.09521484375 0.1708984375 0.1904296875
1 0.6181640625 0.95947265625 0.048828125 0.048828125
1 0.779296875 0.97607421875 0.0576171875 0.0478515625