1 0.66748046875 0.98046875 0.046875 0.0390625
1 0.716796875 0.10205078125 0.0576171875 0.0546875
0 0.4931640625 0.1123046875 0.2236328125 0.2021484375
2 0.3017578125 0.15966796875 0.140625 0.318359375
1 0.19775390625 0.17919921875 0.0517578125 0.056640625
1 0.77197265625 0.26806640625 0.041015625 0.0380859375
1 0.849609375 0.33349609375 0.095703125 0.099609375
1 0.94580078125 0.35205078125 0.0556640625 0.0537109375
0 0.4736328125 0.38916015625 0.166015625 0.169921875
0 0.2861328125 0.3974609375 0.1533203125 0.1318359375
1 0.86669921875 0.42529296875 0.0439453125 0.0458984375
1 0.7021484375 0.4384765625 0.125 0.1005859375
1 0.82080078125 0.50732421875 0.0419921875 0.0419921875
2 0.0986328125 0.5185546875 0.197265625 0.2802734375
1 0.31884765625 0.5224609375 0.0625 0.0634765625
1 0.96923828125 0.0537109375 0.0380859375 0.037109375
1 0.54296875 0.55322265625 0.0869140625 0.0869140625
1 0.93017578125 0.57861328125 0.08984375 0.0634765625
1 0.625 0.5927734375 0.048828125 0.0400390625
1 0.79541015625 0.6220703125 0.0419921875 0.0400390625
1 0.66748046875 0.63623046875 0.0439453125 0.0322265625
1 0.50439453125 0.6640625 0.0458984375 0.0537109375
1 0.89453125 0.6689453125 0.119140625 0.1025390625
1 0.6962890625 0.69287109375 0.064453125 0.0380859375
1 0.54345703125 0.74951171875 0.0341796875 0.029296875
1 0.63525390625 0.751953125 0.0361328125 0.029296875
1 0.9501953125 0.76416015625 0.078125 0.0634765625
1 0.76123046875 0.76611328125 0.03125 0.0263671875
1 0.81884765625 0.84228515625 0.056640625 0.0546875
1 0.4150390625 0.87890625 0.095703125 0.0908203125
2 0.1787109375 0.8876953125 0.3515625 0.224609375
1 0.71435546875 0.90234375 0.0556640625 0.052734375
1 0.90771484375 0.93408203125 0.076171875 0.08203125
1 0.5654296875 0.97265625 0.0576171875 0.0546875