0 0.52783203125 0.1171875 0.345703125 0.234375
1 0.1044921875 0.12451171875 0.0751953125 0.0732421875
2 0.2509765625 0.1259765625 0.1826171875 0.251953125
1 0.87353515625 0.23583984375 0.0556640625 0.0615234375
1 0.78173828125 0.03173828125 0.0673828125 0.0634765625
1 0.96044921875 0.3359375 0.0791015625 0.1640625
0 0.15771484375 0.38232421875 0.3154296875 0.2373046875
0 0.4658203125 0.400390625 0.2216796875 0.2197265625
1 0.7841796875 0.45654296875 0.1650390625 0.1416015625
1 0.2470703125 0.57763671875 0.078125 0.0859375
1 0.5634765625 0.62744140625 0.109375 0.1220703125
0 0.408203125 0.62890625 0.166015625 0.18359375
2 0.09814453125 0.677734375 0.1962890625 0.3349609375
1 0.6865234375 0.6787109375 0.0673828125 0.0634765625
1 0.93701171875 0.72998046875 0.060546875 0.0634765625
1 0.50732421875 0.79736328125 0.0654296875 0.0908203125
1 0.7939453125 0.8486328125 0.0966796875 0.06640625
2 0.33740234375 0.8662109375 0.25390625 0.267578125
1 0.56591796875 0.9267578125 0.060546875 0.056640625
0 0.07470703125 0.9287109375 0.1494140625 0.1435546875
1 0.7109375 0.93408203125 0.0478515625 0.056640625
1 0.9013671875 0.95849609375 0.0478515625 0.046875