0 0.4912109375 0.2734375 0.3701171875 0.3857421875
0 0.11865234375 0.302734375 0.2373046875 0.2880859375
1 0.947265625 0.4140625 0.10546875 0.1103515625
1 0.138671875 0.56640625 0.109375 0.1171875
1 0.65234375 0.64599609375 0.189453125 0.1884765625
2 0.14697265625 0.0732421875 0.2939453125 0.146484375
0 0.41455078125 0.73876953125 0.2607421875 0.125
1 0.86865234375 0.75830078125 0.1142578125 0.10546875
2 0.1357421875 0.81982421875 0.271484375 0.3603515625
0 0.9375 0.087890625 0.125 0.17578125
2 0.3876953125 0.90771484375 0.197265625 0.1845703125
1 0.55224609375 0.9267578125 0.107421875 0.1298828125