1 0.78564453125 0.9833984375 0.0556640625 0.033203125
0 0.888671875 0.208984375 0.22265625 0.1494140625
0 0.15771484375 0.32958984375 0.3154296875 0.2685546875
0 0.5 0.34326171875 0.2705078125 0.2763671875
1 0.0751953125 0.03564453125 0.0751953125 0.0712890625
1 0.89453125 0.42236328125 0.2109375 0.166015625
1 0.2509765625 0.5556640625 0.080078125 0.0859375
0 0.548828125 0.06005859375 0.48046875 0.1201171875
2 0.90087890625 0.06005859375 0.1982421875 0.1201171875
1 0.62060546875 0.615234375 0.130859375 0.13671875
2 0.09912109375 0.673828125 0.1982421875 0.3955078125
0 0.447265625 0.68359375 0.1953125 0.107421875
1 0.76708984375 0.6884765625 0.0771484375 0.0732421875
1 0.5498046875 0.814453125 0.0732421875 0.1005859375
2 0.3583984375 0.8759765625 0.28515625 0.248046875
1 0.896484375 0.89013671875 0.130859375 0.0712890625
0 0.0771484375 0.9365234375 0.154296875 0.10546875
2 0.2119140625 0.09423828125 0.16796875 0.1787109375
1 0.62060546875 0.966796875 0.0439453125 0.0439453125