1 0.66455078125 0.98046875 0.0498046875 0.0390625
0 0.49853515625 0.11181640625 0.2412109375 0.212890625
1 0.19677734375 0.177734375 0.0595703125 0.0498046875
2 0.30322265625 0.185546875 0.1318359375 0.2333984375
1 0.7734375 0.26611328125 0.044921875 0.0390625
1 0.85546875 0.3369140625 0.0947265625 0.1123046875
1 0.9462890625 0.361328125 0.05859375 0.0732421875
0 0.47412109375 0.38916015625 0.173828125 0.1767578125
0 0.283203125 0.39404296875 0.162109375 0.154296875
1 0.86572265625 0.4248046875 0.0498046875 0.0400390625
1 0.70361328125 0.4375 0.1279296875 0.1044921875
1 0.97265625 0.046875 0.04296875 0.037109375
2 0.0966796875 0.5087890625 0.1875 0.2783203125
1 0.82177734375 0.50927734375 0.041015625 0.037109375
1 0.31982421875 0.52099609375 0.0546875 0.0595703125
1 0.54248046875 0.552734375 0.0869140625 0.0810546875
1 0.9306640625 0.578125 0.08984375 0.0712890625
1 0.62841796875 0.59130859375 0.0478515625 0.041015625
1 0.796875 0.62353515625 0.044921875 0.0390625
2 0.2939453125 0.654296875 0.1875 0.1865234375
1 0.5068359375 0.6669921875 0.046875 0.0517578125
1 0.89111328125 0.66845703125 0.1162109375 0.099609375
1 0.6962890625 0.6982421875 0.0712890625 0.04296875
1 0.54541015625 0.75 0.0341796875 0.0263671875
1 0.63671875 0.75244140625 0.033203125 0.0283203125
1 0.9580078125 0.76611328125 0.0712890625 0.06640625
1 0.7607421875 0.76806640625 0.03515625 0.03515625
1 0.822265625 0.84375 0.0595703125 0.0517578125
1 0.41650390625 0.88232421875 0.0927734375 0.0966796875
2 0.17333984375 0.89013671875 0.3408203125 0.2197265625
1 0.70654296875 0.9072265625 0.0595703125 0.052734375
1 0.91015625 0.93798828125 0.0732421875 0.0830078125
1 0.71728515625 0.095703125 0.05078125 0.05078125
1 0.56298828125 0.97314453125 0.052734375 0.0537109375