0 0.89599609375 0.20166015625 0.2080078125 0.1494140625
1 0.05810546875 0.0244140625 0.0751953125 0.048828125
0 0.15771484375 0.32470703125 0.3154296875 0.2734375
0 0.5009765625 0.3359375 0.2783203125 0.28125
1 0.9033203125 0.41162109375 0.193359375 0.1787109375
0 0.61962890625 0.05126953125 0.3681640625 0.1025390625
1 0.2373046875 0.556640625 0.0927734375 0.087890625
2 0.908203125 0.0576171875 0.18359375 0.115234375
1 0.62548828125 0.61669921875 0.140625 0.14453125
2 0.08935546875 0.68603515625 0.1787109375 0.4248046875
0 0.44384765625 0.68994140625 0.197265625 0.1005859375
1 0.779296875 0.6923828125 0.0869140625 0.076171875
1 0.548828125 0.82763671875 0.0849609375 0.107421875
2 0.3447265625 0.8759765625 0.302734375 0.248046875
2 0.2666015625 0.087890625 0.3125 0.17578125
1 0.91845703125 0.90478515625 0.130859375 0.0859375
0 0.0673828125 0.95556640625 0.134765625 0.08984375
1 0.61962890625 0.97607421875 0.0556640625 0.0478515625