1 0.76220703125 0.126953125 0.0625 0.05859375
0 0.525390625 0.16357421875 0.3115234375 0.2392578125
1 0.134765625 0.20751953125 0.05859375 0.05859375
2 0.26806640625 0.2099609375 0.177734375 0.2197265625
2 0.84716796875 0.21630859375 0.3056640625 0.095703125
1 0.85498046875 0.30419921875 0.052734375 0.0517578125
1 0.9521484375 0.38818359375 0.095703125 0.1513671875
0 0.16162109375 0.4443359375 0.3232421875 0.224609375
0 0.1455078125 0.04541015625 0.291015625 0.0908203125
0 0.466796875 0.4580078125 0.224609375 0.2177734375
1 0.7890625 0.51904296875 0.1748046875 0.1396484375
1 0.24609375 0.634765625 0.0703125 0.078125
1 0.5693359375 0.68994140625 0.1171875 0.125
2 0.09912109375 0.78564453125 0.1982421875 0.4287109375
1 0.96923828125 0.8056640625 0.0615234375 0.0732421875
1 0.515625 0.88134765625 0.0732421875 0.09765625
2 0.3388671875 0.89453125 0.2509765625 0.2119140625
1 0.8271484375 0.9365234375 0.1142578125 0.0810546875