1 0.98681640625 0.982421875 0.0263671875 0.03515625
0 0.51806640625 0.09912109375 0.3037109375 0.1982421875
1 0.126953125 0.10888671875 0.080078125 0.0849609375
2 0.26513671875 0.1142578125 0.150390625 0.2158203125
2 0.85498046875 0.11669921875 0.2900390625 0.0859375
1 0.83251953125 0.2197265625 0.0625 0.0732421875
1 0.76318359375 0.02880859375 0.091796875 0.0576171875
1 0.9365234375 0.33251953125 0.126953125 0.20703125
0 0.16845703125 0.35205078125 0.3369140625 0.21875
0 0.470703125 0.36962890625 0.1982421875 0.2109375
1 0.7392578125 0.42236328125 0.1484375 0.140625
1 0.88818359375 0.5126953125 0.0478515625 0.05078125
1 0.279296875 0.5283203125 0.0849609375 0.1005859375
1 0.55419921875 0.56005859375 0.115234375 0.125
2 0.1171875 0.572265625 0.2216796875 0.1904296875
0 0.416015625 0.576171875 0.1328125 0.1259765625
1 0.66845703125 0.58837890625 0.078125 0.1015625
1 0.91552734375 0.66357421875 0.1689453125 0.220703125
1 0.50244140625 0.7001953125 0.06640625 0.0751953125
1 0.7353515625 0.73974609375 0.0908203125 0.068359375
2 0.3466796875 0.7451171875 0.19921875 0.1826171875
0 0.1044921875 0.7744140625 0.208984375 0.1455078125
1 0.55322265625 0.80126953125 0.04296875 0.0390625
1 0.662109375 0.80517578125 0.0498046875 0.05078125
1 0.81396484375 0.82080078125 0.0400390625 0.05078125
1 0.88330078125 0.9189453125 0.0859375 0.0908203125
2 0.16064453125 0.9296875 0.3125 0.140625
1 0.39599609375 0.947265625 0.1259765625 0.10546875
1 0.75341796875 0.9755859375 0.091796875 0.048828125