1 0.71044921875 0.10888671875 0.0517578125 0.083984375
1 0.86669921875 0.13330078125 0.0400390625 0.0546875
0 0.15966796875 0.13818359375 0.3193359375 0.2763671875
2 0.44970703125 0.2236328125 0.2138671875 0.4384765625
1 0.87060546875 0.22705078125 0.0400390625 0.0478515625
1 0.77001953125 0.28466796875 0.0615234375 0.173828125
1 0.81005859375 0.03271484375 0.0517578125 0.0654296875
1 0.86083984375 0.328125 0.0947265625 0.1083984375
1 0.80322265625 0.42626953125 0.05078125 0.068359375
1 0.6611328125 0.46240234375 0.17578125 0.162109375
1 0.92236328125 0.4658203125 0.0380859375 0.0478515625
2 0.16552734375 0.48095703125 0.3251953125 0.3994140625
1 0.4287109375 0.52001953125 0.15625 0.12109375
1 0.857421875 0.60888671875 0.173828125 0.2060546875
1 0.38720703125 0.63134765625 0.0576171875 0.0703125
1 0.6171875 0.6748046875 0.072265625 0.1806640625
1 0.53564453125 0.71435546875 0.0458984375 0.060546875
1 0.24072265625 0.8466796875 0.4814453125 0.306640625
1 0.8720703125 0.85009765625 0.1953125 0.25390625
1 0.5732421875 0.916015625 0.1357421875 0.1669921875