1 0.6650390625 0.978515625 0.046875 0.04296875
0 0.49169921875 0.09912109375 0.2197265625 0.1982421875
1 0.72021484375 0.10009765625 0.060546875 0.07421875
2 0.3125 0.150390625 0.103515625 0.2919921875
1 0.203125 0.1748046875 0.056640625 0.07421875
1 0.7744140625 0.2724609375 0.0546875 0.0478515625
1 0.85498046875 0.33837890625 0.0947265625 0.1123046875
1 0.9423828125 0.35546875 0.0654296875 0.0849609375
0 0.4736328125 0.38232421875 0.17578125 0.193359375
0 0.2861328125 0.38623046875 0.15625 0.1669921875
1 0.7080078125 0.435546875 0.14453125 0.1083984375
1 0.83251953125 0.50830078125 0.0419921875 0.0390625
2 0.09375 0.5087890625 0.1875 0.2900390625
1 0.31787109375 0.5234375 0.0673828125 0.0732421875
1 0.54052734375 0.55322265625 0.1064453125 0.08984375
1 0.935546875 0.57666015625 0.1005859375 0.0732421875
1 0.64599609375 0.6025390625 0.0712890625 0.0751953125
1 0.80224609375 0.6259765625 0.0498046875 0.046875
1 0.91015625 0.6650390625 0.1337890625 0.099609375
2 0.2998046875 0.66796875 0.1875 0.1943359375
1 0.505859375 0.67041015625 0.060546875 0.0673828125
1 0.70849609375 0.69189453125 0.0908203125 0.0498046875
1 0.62939453125 0.72900390625 0.0322265625 0.0751953125
1 0.55078125 0.75439453125 0.037109375 0.046875
1 0.76171875 0.765625 0.033203125 0.04296875
1 0.955078125 0.76806640625 0.08984375 0.0712890625
1 0.81982421875 0.84033203125 0.0712890625 0.05859375
1 0.4228515625 0.876953125 0.1044921875 0.11328125
2 0.1767578125 0.890625 0.34765625 0.21875
1 0.71630859375 0.9052734375 0.0615234375 0.0595703125
1 0.91845703125 0.93603515625 0.080078125 0.09375
1 0.568359375 0.970703125 0.076171875 0.05859375