1 0.107421875 0.09912109375 0.087890625 0.080078125
2 0.26953125 0.11474609375 0.1513671875 0.2294921875
1 0.923828125 0.19580078125 0.0732421875 0.078125
0 0.11572265625 0.02294921875 0.125 0.0458984375
1 0.98779296875 0.30126953125 0.0244140625 0.13671875
0 0.16796875 0.36572265625 0.326171875 0.25
0 0.48876953125 0.380859375 0.25 0.2490234375
1 0.82568359375 0.443359375 0.2041015625 0.1767578125
1 0.25830078125 0.5712890625 0.0830078125 0.111328125
0 0.39208984375 0.58056640625 0.146484375 0.0830078125
1 0.8466796875 0.6005859375 0.0556640625 0.0595703125
1 0.5908203125 0.6142578125 0.138671875 0.1533203125
1 0.9228515625 0.64599609375 0.0595703125 0.068359375
1 0.73583984375 0.65478515625 0.111328125 0.1220703125
2 0.10595703125 0.6787109375 0.1875 0.3408203125
0 0.4228515625 0.6826171875 0.171875 0.0986328125
2 0.923828125 0.07080078125 0.15234375 0.1416015625
1 0.97412109375 0.73486328125 0.0517578125 0.078125
1 0.5322265625 0.79638671875 0.0849609375 0.095703125
0 0.56689453125 0.08544921875 0.40625 0.1708984375
1 0.84033203125 0.8564453125 0.1279296875 0.0908203125
2 0.34619140625 0.87109375 0.2724609375 0.2578125
0 0.07958984375 0.923828125 0.1591796875 0.1162109375
1 0.59619140625 0.93212890625 0.06640625 0.0712890625
1 0.73828125 0.94287109375 0.0537109375 0.052734375
1 0.94970703125 0.9736328125 0.05859375 0.052734375