2 0.46484375 0.15380859375 0.142578125 0.3076171875
1 0.70068359375 0.1552734375 0.30859375 0.26953125
1 0.1904296875 0.15673828125 0.37890625 0.3134765625
1 0.66552734375 0.4072265625 0.0703125 0.078125
2 0.234375 0.44287109375 0.462890625 0.244140625
1 0.72412109375 0.50439453125 0.0615234375 0.0712890625
1 0.88720703125 0.54150390625 0.0947265625 0.166015625
1 0.54638671875 0.61865234375 0.095703125 0.126953125
1 0.7255859375 0.68408203125 0.177734375 0.26171875
1 0.1904296875 0.79931640625 0.375 0.4013671875
1 0.91796875 0.0869140625 0.083984375 0.173828125
1 0.8369140625 0.9521484375 0.13671875 0.095703125