1 0.78271484375 0.98681640625 0.0712890625 0.0263671875
2 0.24072265625 0.1005859375 0.1591796875 0.193359375
1 0.8583984375 0.19287109375 0.0634765625 0.0654296875
1 0.94873046875 0.31494140625 0.1025390625 0.2265625
0 0.1630859375 0.33642578125 0.326171875 0.24609375
0 0.46728515625 0.3564453125 0.2177734375 0.228515625
1 0.76025390625 0.4111328125 0.17578125 0.1376953125
1 0.91845703125 0.5068359375 0.0556640625 0.052734375
1 0.265625 0.52392578125 0.083984375 0.0908203125
1 0.56201171875 0.56787109375 0.1220703125 0.130859375
0 0.408203125 0.576171875 0.1669921875 0.1513671875
2 0.10595703125 0.5908203125 0.2060546875 0.2353515625
1 0.68408203125 0.59619140625 0.08984375 0.115234375
0 0.47021484375 0.0673828125 0.271484375 0.1318359375
1 0.92138671875 0.67822265625 0.1572265625 0.1103515625
1 0.51025390625 0.71533203125 0.078125 0.0830078125
1 0.7568359375 0.748046875 0.09765625 0.080078125
1 0.0947265625 0.07666015625 0.0908203125 0.09765625
2 0.3486328125 0.775390625 0.2236328125 0.2060546875
2 0.87109375 0.08056640625 0.2548828125 0.095703125
0 0.0966796875 0.80810546875 0.193359375 0.138671875
1 0.55859375 0.81884765625 0.0537109375 0.05078125
1 0.67333984375 0.82861328125 0.064453125 0.0595703125
1 0.837890625 0.845703125 0.0576171875 0.0693359375
1 0.91748046875 0.94873046875 0.091796875 0.087890625
2 0.146484375 0.951171875 0.291015625 0.09765625
1 0.384765625 0.95703125 0.142578125 0.0859375