1 0.94384765625 0.97705078125 0.056640625 0.0390625
1 0.1044921875 0.10888671875 0.0751953125 0.0654296875
2 0.83056640625 0.11181640625 0.3388671875 0.125
2 0.24609375 0.15234375 0.189453125 0.3037109375
1 0.8076171875 0.0166015625 0.0673828125 0.033203125
1 0.90966796875 0.21240234375 0.0634765625 0.05859375
1 0.97216796875 0.33154296875 0.0556640625 0.1474609375
0 0.47607421875 0.38330078125 0.2333984375 0.2392578125
0 0.20556640625 0.41015625 0.2080078125 0.1845703125
1 0.8115234375 0.4541015625 0.171875 0.1435546875
1 0.978515625 0.5654296875 0.04296875 0.048828125
1 0.2490234375 0.5771484375 0.0771484375 0.0791015625
2 0.0947265625 0.61962890625 0.18359375 0.212890625
1 0.57666015625 0.62548828125 0.1259765625 0.1220703125
1 0.75341796875 0.6259765625 0.0439453125 0.046875
1 0.70654296875 0.68896484375 0.072265625 0.05859375
0 0.4892578125 0.07177734375 0.26953125 0.1435546875
1 0.970703125 0.74169921875 0.05859375 0.0595703125
1 0.74951171875 0.74267578125 0.0419921875 0.029296875
1 0.7939453125 0.7724609375 0.03125 0.0263671875
1 0.521484375 0.8076171875 0.0703125 0.0859375
2 0.2333984375 0.822265625 0.4609375 0.17578125
1 0.83154296875 0.85400390625 0.103515625 0.0556640625
1 0.720703125 0.875 0.0400390625 0.0322265625
1 0.58642578125 0.939453125 0.0458984375 0.046875
1 0.73095703125 0.951171875 0.0576171875 0.0458984375