0 0.25634765625 0.23876953125 0.5126953125 0.4775390625
2 0.64208984375 0.24609375 0.2158203125 0.4912109375
1 0.8798828125 0.49072265625 0.2275390625 0.1953125
1 0.61767578125 0.55810546875 0.150390625 0.1142578125
2 0.265625 0.58935546875 0.53125 0.201171875
1 0.568359375 0.66064453125 0.0576171875 0.052734375
1 0.81396484375 0.6962890625 0.0732421875 0.1025390625
1 0.95166015625 0.75 0.0693359375 0.0888671875
1 0.72119140625 0.77001953125 0.05859375 0.0556640625
1 0.84033203125 0.81103515625 0.0888671875 0.1103515625
1 0.42529296875 0.8515625 0.4384765625 0.296875
1 0.95361328125 0.087890625 0.0673828125 0.091796875
1 0.80859375 0.9697265625 0.130859375 0.060546875