0 0.2734375 0.24658203125 0.546875 0.4931640625
2 0.7392578125 0.2685546875 0.359375 0.2392578125
1 0.90576171875 0.50048828125 0.1884765625 0.1796875
1 0.69482421875 0.560546875 0.080078125 0.125
2 0.396484375 0.60205078125 0.2646484375 0.185546875
1 0.61328125 0.66357421875 0.0615234375 0.0556640625
1 0.86328125 0.67578125 0.0625 0.056640625
1 0.88916015625 0.74658203125 0.0595703125 0.0595703125
2 0.125 0.7587890625 0.25 0.482421875
1 0.76904296875 0.787109375 0.052734375 0.0625
1 0.90478515625 0.83984375 0.08203125 0.1123046875
1 0.48095703125 0.8544921875 0.44140625 0.291015625
1 0.8291015625 0.88525390625 0.0556640625 0.0654296875