2 0.22509765625 0.09765625 0.15625 0.1953125
1 0.986328125 0.13818359375 0.02734375 0.076171875
0 0.1640625 0.3369140625 0.328125 0.263671875
0 0.50244140625 0.3505859375 0.255859375 0.26171875
1 0.88427734375 0.423828125 0.208984375 0.1640625
1 0.09814453125 0.052734375 0.0732421875 0.076171875
1 0.2607421875 0.55322265625 0.080078125 0.076171875
1 0.61572265625 0.61279296875 0.1357421875 0.1318359375
0 0.55615234375 0.0634765625 0.4853515625 0.126953125
2 0.10546875 0.65087890625 0.2109375 0.3447265625
0 0.44482421875 0.6728515625 0.1708984375 0.1005859375
1 0.7587890625 0.68359375 0.0654296875 0.0634765625
1 0.54736328125 0.80224609375 0.0830078125 0.1005859375
2 0.36083984375 0.86767578125 0.2705078125 0.265625
1 0.880859375 0.873046875 0.1240234375 0.06640625
0 0.08349609375 0.90576171875 0.1669921875 0.1416015625
1 0.6181640625 0.94873046875 0.0576171875 0.0517578125
1 0.7744140625 0.966796875 0.0478515625 0.0439453125