1 0.56689453125 0.98486328125 0.0634765625 0.03125
0 0.5205078125 0.1220703125 0.27734375 0.244140625
1 0.18115234375 0.15869140625 0.05859375 0.0634765625
2 0.29833984375 0.1845703125 0.1416015625 0.1494140625
0 0.04052734375 0.2001953125 0.0810546875 0.1171875
1 0.841796875 0.2978515625 0.1484375 0.1416015625
1 0.9716796875 0.3515625 0.056640625 0.0732421875
0 0.19091796875 0.36767578125 0.322265625 0.193359375
0 0.47314453125 0.384765625 0.1728515625 0.1689453125
1 0.71484375 0.4345703125 0.12890625 0.107421875
0 0.1591796875 0.048828125 0.318359375 0.09765625
1 0.31201171875 0.52392578125 0.0556640625 0.056640625
1 0.54736328125 0.5517578125 0.0830078125 0.0830078125
2 0.13720703125 0.56396484375 0.2744140625 0.1708984375
0 0.90087890625 0.0576171875 0.1982421875 0.115234375
1 0.9521484375 0.5810546875 0.095703125 0.078125
0 0.4326171875 0.59326171875 0.107421875 0.0634765625
1 0.6376953125 0.599609375 0.04296875 0.046875
1 0.8125 0.63232421875 0.041015625 0.0439453125
1 0.505859375 0.673828125 0.048828125 0.0634765625
1 0.91015625 0.68115234375 0.119140625 0.09765625
1 0.70751953125 0.70703125 0.080078125 0.0419921875
2 0.38134765625 0.7216796875 0.1806640625 0.1689453125
0 0.14111328125 0.732421875 0.216796875 0.1416015625
1 0.73291015625 0.07568359375 0.0478515625 0.0634765625
1 0.54638671875 0.76416015625 0.0361328125 0.029296875
1 0.64404296875 0.7705078125 0.03125 0.0419921875
1 0.7783203125 0.7802734375 0.03125 0.0322265625
1 0.97021484375 0.7802734375 0.0595703125 0.0712890625
1 0.84033203125 0.86669921875 0.0576171875 0.068359375
1 0.412109375 0.9072265625 0.099609375 0.10546875
2 0.17626953125 0.9091796875 0.3525390625 0.1826171875
1 0.7255859375 0.92919921875 0.052734375 0.0517578125
1 0.93701171875 0.95654296875 0.0654296875 0.0869140625