1 0.556640625 0.10302734375 0.259765625 0.2060546875
2 0.30078125 0.220703125 0.205078125 0.44140625
1 0.5390625 0.32568359375 0.072265625 0.091796875
1 0.8203125 0.37353515625 0.150390625 0.2861328125
1 0.59716796875 0.43115234375 0.0751953125 0.080078125
2 0.17529296875 0.54052734375 0.3505859375 0.173828125
1 0.4169921875 0.54296875 0.109375 0.1318359375
1 0.59423828125 0.59716796875 0.1787109375 0.2294921875
1 0.8662109375 0.619140625 0.10546875 0.1826171875
1 0.77685546875 0.07958984375 0.1416015625 0.1591796875
1 0.11083984375 0.8203125 0.2216796875 0.359375
1 0.0908203125 0.08642578125 0.181640625 0.1728515625
1 0.6015625 0.875 0.197265625 0.25
2 0.36572265625 0.880859375 0.244140625 0.23828125
1 0.75634765625 0.931640625 0.0732421875 0.13671875
1 0.91357421875 0.9404296875 0.1728515625 0.119140625