2 0.1162109375 0.19287109375 0.2197265625 0.115234375
2 0.90478515625 0.3544921875 0.1904296875 0.4111328125
0 0.5146484375 0.39892578125 0.55078125 0.5
0 0.09375 0.43701171875 0.1806640625 0.3486328125
2 0.54541015625 0.0615234375 0.9091796875 0.1181640625
1 0.9453125 0.67626953125 0.1064453125 0.1455078125
2 0.7431640625 0.7490234375 0.265625 0.140625
1 0.03369140625 0.0751953125 0.0634765625 0.0595703125
2 0.0849609375 0.75634765625 0.1572265625 0.26953125
2 0.38232421875 0.83837890625 0.4033203125 0.3232421875
1 0.80712890625 0.91845703125 0.3857421875 0.1630859375
1 0.1201171875 0.9619140625 0.0625 0.076171875