1 0.58447265625 0.10888671875 0.2451171875 0.2177734375
2 0.3349609375 0.23681640625 0.2333984375 0.4736328125
1 0.54248046875 0.31298828125 0.0576171875 0.087890625
1 0.744140625 0.4501953125 0.1181640625 0.2041015625
1 0.607421875 0.49755859375 0.0888671875 0.2294921875
1 0.41650390625 0.5361328125 0.09765625 0.1083984375
1 0.8984375 0.6357421875 0.1484375 0.23828125
0 0.10302734375 0.06689453125 0.2060546875 0.1337890625
0 0.12890625 0.81396484375 0.2578125 0.3720703125
2 0.3828125 0.81494140625 0.2265625 0.3701171875
1 0.7841796875 0.083984375 0.1298828125 0.16796875
1 0.603515625 0.87158203125 0.1904296875 0.2568359375
1 0.7587890625 0.923828125 0.0888671875 0.15234375
1 0.85986328125 0.9306640625 0.0712890625 0.138671875