2 0.22802734375 0.10009765625 0.158203125 0.2001953125
1 0.98583984375 0.1455078125 0.0283203125 0.0634765625
0 0.8486328125 0.23046875 0.1591796875 0.14453125
0 0.1630859375 0.34130859375 0.326171875 0.2626953125
0 0.5 0.35107421875 0.25390625 0.2626953125
1 0.88134765625 0.42333984375 0.2099609375 0.1640625
1 0.10302734375 0.05419921875 0.0693359375 0.0732421875
1 0.26025390625 0.5537109375 0.0791015625 0.0810546875
1 0.61328125 0.61376953125 0.125 0.130859375
2 0.1064453125 0.65966796875 0.212890625 0.3515625
0 0.55029296875 0.06640625 0.466796875 0.1328125
0 0.447265625 0.67822265625 0.1787109375 0.0986328125
1 0.755859375 0.68212890625 0.0712890625 0.0751953125
1 0.55029296875 0.802734375 0.0654296875 0.0888671875
2 0.3662109375 0.86865234375 0.287109375 0.2626953125
1 0.88037109375 0.873046875 0.115234375 0.0673828125
0 0.0849609375 0.90771484375 0.169921875 0.125
1 0.615234375 0.9453125 0.0400390625 0.0390625
1 0.775390625 0.96875 0.0439453125 0.0458984375