2 0.27783203125 0.2138671875 0.294921875 0.427734375
1 0.79052734375 0.25537109375 0.1240234375 0.14453125
1 0.53515625 0.39697265625 0.1513671875 0.3447265625
1 0.6904296875 0.42626953125 0.1044921875 0.1689453125
1 0.349609375 0.49951171875 0.107421875 0.1201171875
1 0.822265625 0.5166015625 0.119140625 0.349609375
2 0.13818359375 0.5458984375 0.2763671875 0.212890625
1 0.564453125 0.08056640625 0.248046875 0.1611328125
1 0.77099609375 0.0830078125 0.08984375 0.166015625
2 0.30322265625 0.83203125 0.2587890625 0.3359375
0 0.07861328125 0.83203125 0.1572265625 0.3359375
1 0.53759765625 0.85302734375 0.17578125 0.294921875
1 0.77587890625 0.89208984375 0.2412109375 0.216796875