1 0.75732421875 0.13916015625 0.0673828125 0.05859375
0 0.5244140625 0.1806640625 0.3095703125 0.2490234375
1 0.1396484375 0.21728515625 0.0634765625 0.068359375
2 0.84716796875 0.228515625 0.3056640625 0.095703125
2 0.27294921875 0.2294921875 0.1728515625 0.1904296875
1 0.8515625 0.3125 0.0556640625 0.048828125
1 0.95556640625 0.39794921875 0.0888671875 0.1416015625
0 0.115234375 0.0439453125 0.23046875 0.087890625
0 0.1591796875 0.45068359375 0.318359375 0.2275390625
0 0.46826171875 0.47021484375 0.2119140625 0.2177734375
1 0.79541015625 0.52734375 0.1630859375 0.13671875
1 0.23974609375 0.6435546875 0.09765625 0.0810546875
1 0.5693359375 0.69482421875 0.1171875 0.1201171875
2 0.0908203125 0.7880859375 0.181640625 0.423828125
1 0.5107421875 0.89111328125 0.0830078125 0.1025390625
2 0.32763671875 0.90185546875 0.263671875 0.197265625
1 0.8271484375 0.9521484375 0.1240234375 0.078125