0 0.515625 0.1259765625 0.267578125 0.251953125
1 0.193359375 0.1748046875 0.068359375 0.06640625
0 0.04052734375 0.205078125 0.0810546875 0.107421875
1 0.8232421875 0.31640625 0.1455078125 0.1396484375
1 0.94775390625 0.361328125 0.0576171875 0.068359375
0 0.20458984375 0.3701171875 0.3095703125 0.1982421875
0 0.47314453125 0.38818359375 0.1630859375 0.17578125
1 0.7060546875 0.44189453125 0.12109375 0.087890625
0 0.16259765625 0.048828125 0.3251953125 0.09765625
1 0.3193359375 0.521484375 0.0556640625 0.056640625
1 0.54248046875 0.5517578125 0.078125 0.0830078125
2 0.14208984375 0.56396484375 0.2841796875 0.166015625
1 0.9296875 0.57763671875 0.0849609375 0.0615234375
0 0.4365234375 0.58837890625 0.109375 0.05859375
1 0.63037109375 0.58984375 0.04296875 0.046875
1 0.5009765625 0.6689453125 0.048828125 0.05859375
1 0.890625 0.673828125 0.109375 0.107421875
1 0.69873046875 0.6982421875 0.072265625 0.0439453125
2 0.3828125 0.71533203125 0.16796875 0.166015625
0 0.158203125 0.72509765625 0.2119140625 0.13671875
0 0.8994140625 0.0732421875 0.201171875 0.146484375
1 0.54736328125 0.751953125 0.0390625 0.0341796875
1 0.95654296875 0.76904296875 0.0703125 0.068359375
1 0.8232421875 0.84716796875 0.052734375 0.0537109375
1 0.4169921875 0.8837890625 0.0947265625 0.1025390625
2 0.1787109375 0.904296875 0.357421875 0.1923828125
1 0.71240234375 0.9072265625 0.05078125 0.0517578125
1 0.9111328125 0.9365234375 0.0576171875 0.1005859375
1 0.72216796875 0.09423828125 0.060546875 0.0615234375
1 0.564453125 0.97509765625 0.0537109375 0.05078125