1 0.75927734375 0.1083984375 0.0712890625 0.0830078125
0 0.48193359375 0.1259765625 0.259765625 0.2236328125
1 0.123046875 0.19482421875 0.0810546875 0.0732421875
0 0.0751953125 0.0234375 0.1494140625 0.046875
1 0.79638671875 0.02734375 0.208984375 0.0546875
1 0.85107421875 0.28955078125 0.052734375 0.0556640625
1 0.94873046875 0.3779296875 0.1025390625 0.1416015625
0 0.1552734375 0.427734375 0.310546875 0.2490234375
0 0.46435546875 0.4482421875 0.248046875 0.2353515625
1 0.77880859375 0.505859375 0.185546875 0.1708984375
1 0.96484375 0.6044921875 0.0693359375 0.0673828125
1 0.240234375 0.6337890625 0.0966796875 0.0986328125
1 0.5693359375 0.6806640625 0.1416015625 0.13671875
1 0.7138671875 0.71826171875 0.1025390625 0.1240234375
0 0.4111328125 0.73388671875 0.1640625 0.1083984375
2 0.08984375 0.7822265625 0.1796875 0.435546875
1 0.9580078125 0.794921875 0.0830078125 0.1083984375
1 0.5146484375 0.87060546875 0.09765625 0.103515625
2 0.3212890625 0.8994140625 0.265625 0.201171875
1 0.8154296875 0.9228515625 0.12109375 0.0830078125