1 0.0947265625 0.1123046875 0.080078125 0.068359375
1 0.79443359375 0.0205078125 0.0673828125 0.0400390625
1 0.873046875 0.22265625 0.0615234375 0.056640625
1 0.96240234375 0.2939453125 0.0751953125 0.1455078125
0 0.45361328125 0.37646484375 0.2314453125 0.2333984375
0 0.20947265625 0.37890625 0.1845703125 0.1904296875
1 0.78564453125 0.43798828125 0.1640625 0.138671875
1 0.94873046875 0.55322265625 0.05078125 0.044921875
1 0.2470703125 0.56494140625 0.078125 0.083984375
1 0.7216796875 0.6025390625 0.044921875 0.0400390625
1 0.56298828125 0.61083984375 0.115234375 0.1142578125
2 0.09619140625 0.6572265625 0.1923828125 0.3115234375
1 0.6845703125 0.66259765625 0.0595703125 0.048828125
1 0.927734375 0.71044921875 0.0576171875 0.052734375
0 0.49169921875 0.072265625 0.2177734375 0.14453125
1 0.71728515625 0.73388671875 0.025390625 0.03125
1 0.98193359375 0.7685546875 0.0361328125 0.0556640625
1 0.50927734375 0.78369140625 0.0634765625 0.0712890625
2 0.3369140625 0.78466796875 0.26171875 0.294921875
1 0.7900390625 0.82861328125 0.095703125 0.0478515625
1 0.69384765625 0.84912109375 0.0322265625 0.03515625
1 0.56982421875 0.91455078125 0.0419921875 0.041015625
1 0.70166015625 0.92431640625 0.0439453125 0.0341796875
2 0.25390625 0.09375 0.220703125 0.1865234375
1 0.88916015625 0.9404296875 0.0439453125 0.037109375