1 0.71435546875 0.0986328125 0.0673828125 0.0625
0 0.5224609375 0.1220703125 0.294921875 0.244140625
2 0.30078125 0.13134765625 0.12890625 0.228515625
1 0.1865234375 0.1796875 0.0791015625 0.0693359375
2 0.86572265625 0.1875 0.2646484375 0.1005859375
0 0.75 0.02099609375 0.146484375 0.0419921875
1 0.7646484375 0.2744140625 0.044921875 0.0576171875
1 0.900390625 0.3310546875 0.19921875 0.1259765625
0 0.177734375 0.36376953125 0.35546875 0.2109375
0 0.47119140625 0.3828125 0.1875 0.19140625
1 0.69091796875 0.43603515625 0.1416015625 0.1318359375
1 0.318359375 0.52392578125 0.0810546875 0.0751953125
1 0.5498046875 0.5576171875 0.10546875 0.0986328125
2 0.1298828125 0.56005859375 0.2548828125 0.142578125
0 0.43115234375 0.56201171875 0.1181640625 0.1455078125
1 0.96435546875 0.05712890625 0.0478515625 0.046875
1 0.64794921875 0.587890625 0.068359375 0.09375
1 0.87841796875 0.63818359375 0.2431640625 0.177734375
1 0.50244140625 0.67626953125 0.0654296875 0.0673828125
1 0.6962890625 0.69580078125 0.0849609375 0.0634765625
0 0.16162109375 0.716796875 0.1943359375 0.142578125
2 0.3671875 0.72900390625 0.18359375 0.16796875
1 0.5439453125 0.74658203125 0.044921875 0.0478515625
1 0.63720703125 0.75390625 0.037109375 0.037109375
1 0.7568359375 0.76513671875 0.044921875 0.04296875
1 0.95166015625 0.77587890625 0.078125 0.078125
1 0.81494140625 0.83740234375 0.0810546875 0.0791015625
1 0.40478515625 0.8857421875 0.1142578125 0.1171875
1 0.71435546875 0.9013671875 0.0732421875 0.076171875
2 0.166015625 0.9150390625 0.330078125 0.169921875
1 0.89794921875 0.935546875 0.0771484375 0.0947265625
1 0.56201171875 0.9697265625 0.068359375 0.060546875