0 0.20556640625 0.13720703125 0.4111328125 0.2744140625
2 0.5234375 0.21533203125 0.201171875 0.4306640625
1 0.91845703125 0.25439453125 0.1630859375 0.203125
1 0.75390625 0.28955078125 0.095703125 0.1015625
1 0.9296875 0.400390625 0.0546875 0.06640625
1 0.74609375 0.44287109375 0.205078125 0.1533203125
2 0.20654296875 0.47412109375 0.4130859375 0.3818359375
1 0.5078125 0.50830078125 0.166015625 0.1328125
1 0.9130859375 0.55712890625 0.046875 0.06640625
1 0.82177734375 0.0595703125 0.06640625 0.0830078125
1 0.47900390625 0.615234375 0.05859375 0.0654296875
1 0.98193359375 0.66748046875 0.0361328125 0.123046875
1 0.80517578125 0.673828125 0.0693359375 0.0849609375
1 0.70751953125 0.67822265625 0.0791015625 0.1923828125
1 0.61572265625 0.70751953125 0.05078125 0.0556640625
1 0.30419921875 0.8408203125 0.4853515625 0.318359375
1 0.951171875 0.84716796875 0.09765625 0.185546875
1 0.66943359375 0.91015625 0.130859375 0.1591796875