1 0.72119140625 0.09814453125 0.0615234375 0.0654296875
0 0.4990234375 0.103515625 0.23046875 0.20703125
2 0.3095703125 0.1494140625 0.1279296875 0.2900390625
1 0.18994140625 0.1796875 0.0771484375 0.0673828125
1 0.771484375 0.26904296875 0.0546875 0.0478515625
1 0.85302734375 0.34228515625 0.091796875 0.1171875
1 0.94775390625 0.36376953125 0.0712890625 0.078125
0 0.47265625 0.38525390625 0.177734375 0.1845703125
0 0.27392578125 0.38818359375 0.1708984375 0.166015625
1 0.86328125 0.4267578125 0.0458984375 0.0419921875
1 0.70947265625 0.4384765625 0.1318359375 0.1025390625
2 0.09228515625 0.5029296875 0.1787109375 0.2744140625
1 0.8203125 0.51123046875 0.0419921875 0.0380859375
1 0.3193359375 0.521484375 0.064453125 0.0625
1 0.66064453125 0.55029296875 0.0419921875 0.029296875
1 0.54443359375 0.55322265625 0.08984375 0.095703125
1 0.92822265625 0.5771484375 0.091796875 0.0693359375
1 0.63037109375 0.59375 0.0556640625 0.0458984375
1 0.79638671875 0.6201171875 0.0517578125 0.04296875
1 0.50732421875 0.66748046875 0.0517578125 0.0615234375
1 0.89990234375 0.66845703125 0.123046875 0.1025390625
2 0.287109375 0.67138671875 0.181640625 0.197265625
1 0.7041015625 0.7021484375 0.07421875 0.0478515625
1 0.54638671875 0.75146484375 0.0400390625 0.0361328125
1 0.7646484375 0.76708984375 0.04296875 0.0361328125
1 0.96240234375 0.77978515625 0.0751953125 0.0673828125
1 0.82568359375 0.83837890625 0.0712890625 0.0654296875
1 0.4189453125 0.8779296875 0.1025390625 0.10546875
2 0.17431640625 0.8974609375 0.3486328125 0.205078125
1 0.71142578125 0.90185546875 0.068359375 0.060546875
1 0.9189453125 0.9365234375 0.08203125 0.0927734375
1 0.56298828125 0.96728515625 0.0693359375 0.041015625