1 0.74462890625 0.19140625 0.0546875 0.0458984375
0 0.52001953125 0.20751953125 0.2880859375 0.1748046875
1 0.15234375 0.267578125 0.06640625 0.0478515625
2 0.83984375 0.275390625 0.3203125 0.0771484375
2 0.2841796875 0.28466796875 0.1591796875 0.1611328125
1 0.8427734375 0.35498046875 0.05078125 0.0546875
1 0.95068359375 0.4443359375 0.0986328125 0.14453125
0 0.15869140625 0.48974609375 0.3173828125 0.2314453125
0 0.51171875 0.05078125 0.3046875 0.1015625
0 0.466796875 0.50927734375 0.2158203125 0.2158203125
1 0.78955078125 0.5712890625 0.1572265625 0.1376953125
0 0.1337890625 0.06884765625 0.267578125 0.1376953125
1 0.23193359375 0.69140625 0.068359375 0.08203125
0 0.76220703125 0.0693359375 0.177734375 0.138671875
1 0.57421875 0.7392578125 0.12109375 0.123046875
2 0.09375 0.80859375 0.1875 0.3828125
1 0.71337890625 0.81201171875 0.0732421875 0.07421875
2 0.33154296875 0.92529296875 0.2607421875 0.1494140625
1 0.509765625 0.95263671875 0.0751953125 0.0947265625