0 0.17822265625 0.12353515625 0.1005859375 0.08984375
1 0.7470703125 0.150390625 0.0439453125 0.0458984375
1 0.84228515625 0.1650390625 0.09765625 0.109375
1 0.927734375 0.306640625 0.10546875 0.091796875
2 0.33740234375 0.34326171875 0.4580078125 0.318359375
1 0.65087890625 0.484375 0.1279296875 0.1357421875
1 0.88818359375 0.53759765625 0.2236328125 0.32421875
1 0.22998046875 0.759765625 0.4599609375 0.48046875
2 0.53076171875 0.0849609375 0.3486328125 0.169921875
2 0.59423828125 0.865234375 0.2373046875 0.26953125
1 0.873046875 0.87353515625 0.25390625 0.25