2 0.279296875 0.1025390625 0.1279296875 0.2041015625
0 0.50634765625 0.11083984375 0.2890625 0.2216796875
1 0.14599609375 0.126953125 0.076171875 0.0771484375
2 0.87353515625 0.14208984375 0.2529296875 0.087890625
1 0.81396484375 0.23193359375 0.0556640625 0.068359375
1 0.92724609375 0.3427734375 0.1455078125 0.1962890625
0 0.17236328125 0.35595703125 0.3447265625 0.2265625
0 0.466796875 0.3720703125 0.193359375 0.2001953125
1 0.74658203125 0.04052734375 0.08984375 0.0810546875
1 0.736328125 0.42578125 0.1513671875 0.13671875
1 0.86767578125 0.50439453125 0.0546875 0.05078125
1 0.2919921875 0.525390625 0.07421875 0.0849609375
1 0.5478515625 0.5546875 0.109375 0.1201171875
0 0.4140625 0.5654296875 0.1240234375 0.1416015625
2 0.11767578125 0.572265625 0.2353515625 0.1630859375
1 0.65869140625 0.5859375 0.08203125 0.1044921875
1 0.90625 0.6591796875 0.1875 0.2236328125
1 0.5068359375 0.69775390625 0.0634765625 0.078125
1 0.72802734375 0.7265625 0.095703125 0.0537109375
2 0.3505859375 0.74658203125 0.19140625 0.1826171875
0 0.109375 0.76806640625 0.21875 0.1650390625
1 0.54833984375 0.78759765625 0.048828125 0.05078125
1 0.6591796875 0.79150390625 0.0400390625 0.0400390625
1 0.80126953125 0.806640625 0.046875 0.046875
1 0.85986328125 0.89794921875 0.0859375 0.083984375
2 0.14892578125 0.9326171875 0.2919921875 0.134765625
1 0.39453125 0.9404296875 0.1318359375 0.119140625
1 0.736328125 0.9638671875 0.0888671875 0.072265625
1 0.97509765625 0.97265625 0.0498046875 0.0546875