1 0.7197265625 0.10400390625 0.0556640625 0.0615234375
0 0.52197265625 0.13427734375 0.2705078125 0.2392578125
1 0.19970703125 0.18310546875 0.0556640625 0.0634765625
2 0.310546875 0.1845703125 0.1318359375 0.193359375
2 0.83349609375 0.19189453125 0.3330078125 0.095703125
0 0.046875 0.21875 0.09375 0.1201171875
1 0.77099609375 0.27099609375 0.0458984375 0.0439453125
1 0.85009765625 0.3408203125 0.0869140625 0.1298828125
1 0.9404296875 0.35791015625 0.0576171875 0.0810546875
0 0.16650390625 0.0380859375 0.3330078125 0.076171875
0 0.21435546875 0.37841796875 0.2998046875 0.17578125
0 0.47314453125 0.39208984375 0.158203125 0.1689453125
1 0.70263671875 0.43701171875 0.119140625 0.1025390625
1 0.3193359375 0.51904296875 0.0556640625 0.056640625
2 0.14208984375 0.546875 0.2841796875 0.1416015625
1 0.5439453125 0.55078125 0.080078125 0.0810546875
1 0.92724609375 0.580078125 0.0947265625 0.0712890625
1 0.50732421875 0.66796875 0.0458984375 0.0615234375
1 0.6953125 0.697265625 0.080078125 0.046875
2 0.38525390625 0.69970703125 0.1728515625 0.1591796875
0 0.173828125 0.703125 0.21484375 0.146484375
1 0.95263671875 0.7705078125 0.072265625 0.06640625
1 0.81591796875 0.84375 0.052734375 0.06640625
1 0.41796875 0.88134765625 0.0927734375 0.1025390625
2 0.1787109375 0.89453125 0.3515625 0.2119140625
1 0.70849609375 0.90234375 0.052734375 0.0615234375
1 0.90625 0.9326171875 0.0625 0.087890625
1 0.56201171875 0.97021484375 0.0537109375 0.060546875