0 0.2822265625 0.24658203125 0.564453125 0.4931640625
2 0.7578125 0.2685546875 0.359375 0.2392578125
1 0.9140625 0.50048828125 0.171875 0.1796875
1 0.71044921875 0.560546875 0.080078125 0.125
2 0.43408203125 0.60693359375 0.2646484375 0.185546875
1 0.62255859375 0.66357421875 0.0615234375 0.0556640625
1 0.87548828125 0.68017578125 0.0625 0.056640625
1 0.89990234375 0.748046875 0.0595703125 0.0595703125
2 0.14599609375 0.7587890625 0.2919921875 0.482421875
1 0.78173828125 0.787109375 0.052734375 0.0625
1 0.91552734375 0.83984375 0.08203125 0.1123046875
1 0.5263671875 0.8544921875 0.44140625 0.291015625
1 0.84326171875 0.88818359375 0.0556640625 0.0654296875