1 0.921875 0.982421875 0.056640625 0.03515625
1 0.10302734375 0.14013671875 0.0751953125 0.0654296875
2 0.83056640625 0.14453125 0.3388671875 0.1279296875
2 0.24609375 0.15771484375 0.189453125 0.314453125
1 0.87060546875 0.24755859375 0.0634765625 0.0537109375
1 0.95751953125 0.3349609375 0.0849609375 0.1474609375
0 0.46630859375 0.41064453125 0.2333984375 0.224609375
0 0.20263671875 0.421875 0.2080078125 0.1865234375
1 0.78271484375 0.0439453125 0.0673828125 0.060546875
1 0.791015625 0.47265625 0.171875 0.1435546875
1 0.970703125 0.5732421875 0.05078125 0.04296875
1 0.2392578125 0.59423828125 0.08203125 0.08203125
2 0.0947265625 0.625 0.18359375 0.2021484375
1 0.72802734375 0.63720703125 0.0439453125 0.046875
1 0.56591796875 0.64208984375 0.1259765625 0.126953125
1 0.6953125 0.70263671875 0.072265625 0.05859375
1 0.9521484375 0.75244140625 0.06640625 0.0595703125
1 0.73681640625 0.75341796875 0.0419921875 0.029296875
1 0.77978515625 0.78955078125 0.03125 0.0263671875
1 0.51220703125 0.82177734375 0.0703125 0.080078125
2 0.2333984375 0.83984375 0.4609375 0.2099609375
1 0.81103515625 0.87109375 0.103515625 0.0556640625
1 0.70654296875 0.890625 0.0400390625 0.0390625
0 0.4892578125 0.09033203125 0.26953125 0.1806640625
1 0.57080078125 0.96484375 0.0458984375 0.046875
1 0.7197265625 0.974609375 0.0576171875 0.0458984375