1 0.5791015625 0.10986328125 0.2333984375 0.2197265625
2 0.32666015625 0.23583984375 0.24609375 0.4716796875
1 0.83642578125 0.25439453125 0.1435546875 0.2158203125
1 0.564453125 0.365234375 0.1123046875 0.18359375
1 0.86962890625 0.4404296875 0.068359375 0.1357421875
1 0.74462890625 0.46728515625 0.1064453125 0.1591796875
1 0.4130859375 0.53955078125 0.09765625 0.1123046875
1 0.6171875 0.5419921875 0.080078125 0.1416015625
1 0.8955078125 0.64013671875 0.12890625 0.2294921875
1 0.7822265625 0.0673828125 0.1318359375 0.134765625
0 0.09423828125 0.08056640625 0.1884765625 0.1611328125
2 0.36083984375 0.81494140625 0.2412109375 0.3701171875
0 0.11279296875 0.8173828125 0.2255859375 0.365234375
1 0.59375 0.865234375 0.19921875 0.2705078125
1 0.75634765625 0.9267578125 0.0927734375 0.146484375
1 0.86962890625 0.943359375 0.0673828125 0.1142578125