1 0.73779296875 0.17724609375 0.0908203125 0.1103515625
2 0.3046875 0.26220703125 0.375 0.5244140625
1 0.80224609375 0.3115234375 0.0712890625 0.08203125
1 0.57373046875 0.4697265625 0.12890625 0.1279296875
1 0.78662109375 0.50830078125 0.1845703125 0.2783203125
0 0.04931640625 0.064453125 0.0986328125 0.12890625
1 0.57861328125 0.66064453125 0.052734375 0.0517578125
1 0.19921875 0.771484375 0.3984375 0.45703125
1 0.763671875 0.85009765625 0.232421875 0.296875
1 0.9521484375 0.8935546875 0.095703125 0.15234375
1 0.54541015625 0.96826171875 0.0693359375 0.060546875