1 0.88525390625 0.16015625 0.0615234375 0.056640625
1 0.046875 0.0224609375 0.072265625 0.044921875
1 0.96240234375 0.25048828125 0.0751953125 0.1455078125
0 0.45849609375 0.33251953125 0.2314453125 0.2333984375
0 0.2158203125 0.34326171875 0.171875 0.1904296875
1 0.77783203125 0.39697265625 0.1640625 0.138671875
0 0.48681640625 0.04052734375 0.2177734375 0.0810546875
1 0.9443359375 0.50048828125 0.05078125 0.044921875
1 0.240234375 0.51513671875 0.076171875 0.0751953125
1 0.71240234375 0.552734375 0.044921875 0.0400390625
1 0.55908203125 0.56298828125 0.1142578125 0.1103515625
2 0.09619140625 0.60888671875 0.1923828125 0.3115234375
1 0.67333984375 0.61572265625 0.0595703125 0.048828125
1 0.9091796875 0.66064453125 0.0576171875 0.052734375
1 0.71728515625 0.6650390625 0.025390625 0.03125
1 0.9755859375 0.6787109375 0.048828125 0.08203125
1 0.50341796875 0.72119140625 0.0634765625 0.0712890625
1 0.76513671875 0.75830078125 0.095703125 0.0478515625
1 0.6748046875 0.775390625 0.0322265625 0.03515625
2 0.3369140625 0.78466796875 0.26171875 0.294921875
1 0.55712890625 0.8349609375 0.0419921875 0.041015625
1 0.68310546875 0.84326171875 0.0439453125 0.0341796875
1 0.8564453125 0.849609375 0.0439453125 0.037109375
2 0.2265625 0.09375 0.275390625 0.1865234375
1 0.93359375 0.962890625 0.0810546875 0.07421875
1 0.3515625 0.9716796875 0.072265625 0.056640625