0 0.48876953125 0.1044921875 0.2568359375 0.208984375
1 0.1982421875 0.16943359375 0.0791015625 0.0849609375
1 0.77490234375 0.267578125 0.056640625 0.0478515625
1 0.86376953125 0.341796875 0.1044921875 0.1181640625
1 0.95654296875 0.35693359375 0.0556640625 0.0849609375
0 0.28369140625 0.3857421875 0.1708984375 0.173828125
0 0.47119140625 0.38818359375 0.1708984375 0.1845703125
1 0.71728515625 0.43310546875 0.1435546875 0.107421875
1 0.8671875 0.4345703125 0.076171875 0.0458984375
2 0.0908203125 0.50439453125 0.181640625 0.265625
1 0.32275390625 0.51611328125 0.0673828125 0.0693359375
1 0.81982421875 0.51611328125 0.033203125 0.0478515625
1 0.66259765625 0.54736328125 0.0380859375 0.0322265625
1 0.54443359375 0.55859375 0.1064453125 0.1005859375
1 0.92919921875 0.572265625 0.0849609375 0.0732421875
1 0.63720703125 0.59912109375 0.0576171875 0.041015625
1 0.7890625 0.61376953125 0.0576171875 0.0654296875
2 0.30859375 0.66796875 0.216796875 0.1904296875
1 0.50732421875 0.669921875 0.0546875 0.0712890625
1 0.900390625 0.67626953125 0.1318359375 0.115234375
1 0.69580078125 0.6923828125 0.0810546875 0.0517578125
1 0.548828125 0.744140625 0.0380859375 0.03515625
1 0.6435546875 0.7578125 0.044921875 0.0361328125
1 0.75634765625 0.7646484375 0.03515625 0.0380859375
1 0.95849609375 0.77587890625 0.0830078125 0.0625
1 0.8125 0.8369140625 0.0791015625 0.0625
1 0.41845703125 0.88916015625 0.11328125 0.1103515625
2 0.16796875 0.896484375 0.3359375 0.20703125
1 0.72216796875 0.89990234375 0.072265625 0.0703125
1 0.720703125 0.091796875 0.072265625 0.078125
1 0.89990234375 0.92724609375 0.0849609375 0.095703125
1 0.57177734375 0.96728515625 0.0703125 0.041015625