1 0.783203125 0.97998046875 0.0556640625 0.041015625
0 0.89599609375 0.22119140625 0.2080078125 0.134765625
0 0.1591796875 0.33203125 0.318359375 0.2685546875
0 0.5009765625 0.3466796875 0.2685546875 0.2685546875
1 0.0849609375 0.0380859375 0.080078125 0.076171875
1 0.89208984375 0.423828125 0.2158203125 0.1640625
1 0.24951171875 0.5556640625 0.0830078125 0.0810546875
1 0.6171875 0.61572265625 0.1435546875 0.142578125
2 0.09912109375 0.6689453125 0.1982421875 0.380859375
0 0.4375 0.6787109375 0.1953125 0.107421875
1 0.76611328125 0.6875 0.0751953125 0.0712890625
0 0.57080078125 0.06982421875 0.4853515625 0.1396484375
2 0.9140625 0.06982421875 0.171875 0.1396484375
1 0.5498046875 0.810546875 0.0732421875 0.09765625
2 0.35693359375 0.87255859375 0.2880859375 0.255859375
1 0.896484375 0.88623046875 0.130859375 0.068359375
0 0.08203125 0.93017578125 0.1640625 0.1171875
2 0.2265625 0.09423828125 0.177734375 0.18359375
1 0.61962890625 0.9609375 0.05078125 0.046875