0 0.450938 0.498750 0.336750 0.449000
0 0.450938 0.821250 0.240375 0.320500
0 0.430313 0.188000 0.282000 0.376000
0 0.805313 0.536250 0.373875 0.498500
0 0.767813 0.251250 0.241125 0.321500
0 0.441563 0.348750 0.190875 0.254500
0 0.479062 0.601250 0.183375 0.244500
0 0.404063 0.188750 0.193125 0.257500
0 0.805313 0.353750 0.223875 0.298500
0 0.469688 0.713750 0.200250 0.267000
0 0.394688 0.588750 0.204375 0.272500
0 0.441563 0.873250 0.190125 0.253500
0 0.767813 0.676250 0.189375 0.252500
1 0.714063 0.208333 0.031250 0.141667
1 0.687500 0.193750 0.018750 0.120833
3 0.736719 0.046875 0.076563 0.093750
